   2   64
1 1
     0.272356980000000    -0.000000000000000    -0.000000000000000
    -0.000000000000000     0.272356980000000    -0.000000000000000
    -0.000000000000000    -0.000000000000000     0.272356980000000
1 2
    -0.000708020000000    -0.000000000000000    -0.000000000000000
    -0.000000000000000    -0.000665020000000    -0.000000000000000
    -0.000000000000000    -0.000000000000000    -0.000665020000000
1 3
    -0.000665020000000    -0.000000000000000    -0.000000000000000
    -0.000000000000000    -0.000708020000000    -0.000000000000000
    -0.000000000000000    -0.000000000000000    -0.000665020000000
1 4
    -0.000256020000000    -0.000000000000000    -0.000000000000000
    -0.000000000000000    -0.000256020000000    -0.000000000000000
    -0.000000000000000    -0.000000000000000     0.008344980000000
1 5
    -0.000665020000000    -0.000000000000000    -0.000000000000000
    -0.000000000000000    -0.000665020000000    -0.000000000000000
    -0.000000000000000    -0.000000000000000    -0.000708020000000
1 6
    -0.000256020000000    -0.000000000000000    -0.000000000000000
    -0.000000000000000     0.008344980000000    -0.000000000000000
    -0.000000000000000    -0.000000000000000    -0.000256020000000
1 7
     0.008344980000000    -0.000000000000000    -0.000000000000000
    -0.000000000000000    -0.000256020000000    -0.000000000000000
    -0.000000000000000    -0.000000000000000    -0.000256020000000
1 8
    -0.000513020000000    -0.000000000000000    -0.000000000000000
    -0.000000000000000    -0.000513020000000    -0.000000000000000
    -0.000000000000000    -0.000000000000000    -0.000513020000000
1 9
     0.001203980000000     0.000635500000000     0.000784000000000
     0.000680000000000     0.000021480000000    -0.000680000000000
     0.000784000000000    -0.000635500000000     0.001203980000000
1 10
    -0.000654020000000     0.000491500000000     0.000509000000000
     0.000491500000000    -0.000654020000000    -0.000509000000000
     0.000487500000000    -0.000487500000000    -0.004038020000000
1 11
    -0.066271520000000     0.046633000000000     0.046633000000000
     0.046633000000000    -0.066271520000000    -0.046633000000000
     0.046633000000000    -0.046633000000000    -0.066271520000000
1 12
     0.000021480000000     0.000680000000000     0.000680000000000
     0.000635500000000     0.001203980000000    -0.000784000000000
     0.000635500000000    -0.000784000000000     0.001203980000000
1 13
    -0.004038020000000     0.000487500000000     0.000487500000000
     0.000509000000000    -0.000654020000000    -0.000491500000000
     0.000509000000000    -0.000491500000000    -0.000654020000000
1 14
     0.000218480000000     0.000556500000000     0.000556500000000
     0.000556500000000     0.000218480000000    -0.000556500000000
     0.000556500000000    -0.000556500000000     0.000218480000000
1 15
     0.001203980000000     0.000784000000000     0.000635500000000
     0.000784000000000     0.001203980000000    -0.000635500000000
     0.000680000000000    -0.000680000000000     0.000021480000000
1 16
    -0.000654020000000     0.000509000000000     0.000491500000000
     0.000487500000000    -0.004038020000000    -0.000487500000000
     0.000491500000000    -0.000509000000000    -0.000654020000000
1 17
     0.009121480000000    -0.001867000000000     0.001867000000000
     0.001862000000000    -0.003863020000000     0.003775500000000
    -0.001862000000000     0.003775500000000    -0.003863020000000
1 18
    -0.000252520000000    -0.000189500000000     0.000189500000000
     0.000185000000000    -0.000791520000000    -0.001220000000000
    -0.000185000000000    -0.001220000000000    -0.000791520000000
1 19
     0.009121480000000    -0.001867000000000    -0.001867000000000
     0.001862000000000    -0.003863020000000    -0.003775500000000
     0.001862000000000    -0.003775500000000    -0.003863020000000
1 20
    -0.000252520000000    -0.000189500000000    -0.000189500000000
     0.000185000000000    -0.000791520000000     0.001220000000000
     0.000185000000000     0.001220000000000    -0.000791520000000
1 21
     0.009121480000000     0.001867000000000     0.001867000000000
    -0.001862000000000    -0.003863020000000    -0.003775500000000
    -0.001862000000000    -0.003775500000000    -0.003863020000000
1 22
    -0.000252520000000     0.000189500000000     0.000189500000000
    -0.000185000000000    -0.000791520000000     0.001220000000000
    -0.000185000000000     0.001220000000000    -0.000791520000000
1 23
     0.009121480000000     0.001867000000000    -0.001867000000000
    -0.001862000000000    -0.003863020000000     0.003775500000000
     0.001862000000000     0.003775500000000    -0.003863020000000
1 24
    -0.000252520000000     0.000189500000000    -0.000189500000000
    -0.000185000000000    -0.000791520000000    -0.001220000000000
     0.000185000000000    -0.001220000000000    -0.000791520000000
1 25
    -0.066271520000000    -0.046633000000000    -0.046633000000000
    -0.046633000000000    -0.066271520000000    -0.046633000000000
    -0.046633000000000    -0.046633000000000    -0.066271520000000
1 26
     0.000021480000000    -0.000680000000000    -0.000680000000000
    -0.000635500000000     0.001203980000000    -0.000784000000000
    -0.000635500000000    -0.000784000000000     0.001203980000000
1 27
     0.001203980000000    -0.000635500000000    -0.000784000000000
    -0.000680000000000     0.000021480000000    -0.000680000000000
    -0.000784000000000    -0.000635500000000     0.001203980000000
1 28
    -0.000654020000000    -0.000491500000000    -0.000509000000000
    -0.000491500000000    -0.000654020000000    -0.000509000000000
    -0.000487500000000    -0.000487500000000    -0.004038020000000
1 29
     0.001203980000000    -0.000784000000000    -0.000635500000000
    -0.000784000000000     0.001203980000000    -0.000635500000000
    -0.000680000000000    -0.000680000000000     0.000021480000000
1 30
    -0.000654020000000    -0.000509000000000    -0.000491500000000
    -0.000487500000000    -0.004038020000000    -0.000487500000000
    -0.000491500000000    -0.000509000000000    -0.000654020000000
1 31
    -0.004038020000000    -0.000487500000000    -0.000487500000000
    -0.000509000000000    -0.000654020000000    -0.000491500000000
    -0.000509000000000    -0.000491500000000    -0.000654020000000
1 32
     0.000218480000000    -0.000556500000000    -0.000556500000000
    -0.000556500000000     0.000218480000000    -0.000556500000000
    -0.000556500000000    -0.000556500000000     0.000218480000000
1 33
    -0.003863020000000     0.001862000000000    -0.003775500000000
    -0.001867000000000     0.009121480000000    -0.001867000000000
    -0.003775500000000     0.001862000000000    -0.003863020000000
1 34
    -0.003863020000000     0.001862000000000     0.003775500000000
    -0.001867000000000     0.009121480000000     0.001867000000000
     0.003775500000000    -0.001862000000000    -0.003863020000000
1 35
    -0.000791520000000     0.000185000000000     0.001220000000000
    -0.000189500000000    -0.000252520000000    -0.000189500000000
     0.001220000000000     0.000185000000000    -0.000791520000000
1 36
    -0.000791520000000     0.000185000000000    -0.001220000000000
    -0.000189500000000    -0.000252520000000     0.000189500000000
    -0.001220000000000    -0.000185000000000    -0.000791520000000
1 37
    -0.003863020000000    -0.001862000000000     0.003775500000000
     0.001867000000000     0.009121480000000    -0.001867000000000
     0.003775500000000     0.001862000000000    -0.003863020000000
1 38
    -0.003863020000000    -0.001862000000000    -0.003775500000000
     0.001867000000000     0.009121480000000     0.001867000000000
    -0.003775500000000    -0.001862000000000    -0.003863020000000
1 39
    -0.000791520000000    -0.000185000000000    -0.001220000000000
     0.000189500000000    -0.000252520000000    -0.000189500000000
    -0.001220000000000     0.000185000000000    -0.000791520000000
1 40
    -0.000791520000000    -0.000185000000000     0.001220000000000
     0.000189500000000    -0.000252520000000     0.000189500000000
     0.001220000000000    -0.000185000000000    -0.000791520000000
1 41
     0.001203980000000    -0.000635500000000     0.000784000000000
    -0.000680000000000     0.000021480000000     0.000680000000000
     0.000784000000000     0.000635500000000     0.001203980000000
1 42
    -0.000654020000000    -0.000491500000000     0.000509000000000
    -0.000491500000000    -0.000654020000000     0.000509000000000
     0.000487500000000     0.000487500000000    -0.004038020000000
1 43
    -0.066271520000000    -0.046633000000000     0.046633000000000
    -0.046633000000000    -0.066271520000000     0.046633000000000
     0.046633000000000     0.046633000000000    -0.066271520000000
1 44
     0.000021480000000    -0.000680000000000     0.000680000000000
    -0.000635500000000     0.001203980000000     0.000784000000000
     0.000635500000000     0.000784000000000     0.001203980000000
1 45
    -0.004038020000000    -0.000487500000000     0.000487500000000
    -0.000509000000000    -0.000654020000000     0.000491500000000
     0.000509000000000     0.000491500000000    -0.000654020000000
1 46
     0.000218480000000    -0.000556500000000     0.000556500000000
    -0.000556500000000     0.000218480000000     0.000556500000000
     0.000556500000000     0.000556500000000     0.000218480000000
1 47
     0.001203980000000    -0.000784000000000     0.000635500000000
    -0.000784000000000     0.001203980000000     0.000635500000000
     0.000680000000000     0.000680000000000     0.000021480000000
1 48
    -0.000654020000000    -0.000509000000000     0.000491500000000
    -0.000487500000000    -0.004038020000000     0.000487500000000
     0.000491500000000     0.000509000000000    -0.000654020000000
1 49
    -0.003863020000000     0.003775500000000    -0.001862000000000
     0.003775500000000    -0.003863020000000     0.001862000000000
     0.001867000000000    -0.001867000000000     0.009121480000000
1 50
    -0.003863020000000    -0.003775500000000    -0.001862000000000
    -0.003775500000000    -0.003863020000000    -0.001862000000000
     0.001867000000000     0.001867000000000     0.009121480000000
1 51
    -0.003863020000000    -0.003775500000000     0.001862000000000
    -0.003775500000000    -0.003863020000000     0.001862000000000
    -0.001867000000000    -0.001867000000000     0.009121480000000
1 52
    -0.003863020000000     0.003775500000000     0.001862000000000
     0.003775500000000    -0.003863020000000    -0.001862000000000
    -0.001867000000000     0.001867000000000     0.009121480000000
1 53
    -0.000791520000000    -0.001220000000000    -0.000185000000000
    -0.001220000000000    -0.000791520000000     0.000185000000000
     0.000189500000000    -0.000189500000000    -0.000252520000000
1 54
    -0.000791520000000     0.001220000000000    -0.000185000000000
     0.001220000000000    -0.000791520000000    -0.000185000000000
     0.000189500000000     0.000189500000000    -0.000252520000000
1 55
    -0.000791520000000     0.001220000000000     0.000185000000000
     0.001220000000000    -0.000791520000000     0.000185000000000
    -0.000189500000000    -0.000189500000000    -0.000252520000000
1 56
    -0.000791520000000    -0.001220000000000     0.000185000000000
    -0.001220000000000    -0.000791520000000    -0.000185000000000
    -0.000189500000000     0.000189500000000    -0.000252520000000
1 57
    -0.066271520000000     0.046633000000000    -0.046633000000000
     0.046633000000000    -0.066271520000000     0.046633000000000
    -0.046633000000000     0.046633000000000    -0.066271520000000
1 58
     0.000021480000000     0.000680000000000    -0.000680000000000
     0.000635500000000     0.001203980000000     0.000784000000000
    -0.000635500000000     0.000784000000000     0.001203980000000
1 59
     0.001203980000000     0.000635500000000    -0.000784000000000
     0.000680000000000     0.000021480000000     0.000680000000000
    -0.000784000000000     0.000635500000000     0.001203980000000
1 60
    -0.000654020000000     0.000491500000000    -0.000509000000000
     0.000491500000000    -0.000654020000000     0.000509000000000
    -0.000487500000000     0.000487500000000    -0.004038020000000
1 61
     0.001203980000000     0.000784000000000    -0.000635500000000
     0.000784000000000     0.001203980000000     0.000635500000000
    -0.000680000000000     0.000680000000000     0.000021480000000
1 62
    -0.000654020000000     0.000509000000000    -0.000491500000000
     0.000487500000000    -0.004038020000000     0.000487500000000
    -0.000491500000000     0.000509000000000    -0.000654020000000
1 63
    -0.004038020000000     0.000487500000000    -0.000487500000000
     0.000509000000000    -0.000654020000000     0.000491500000000
    -0.000509000000000     0.000491500000000    -0.000654020000000
1 64
     0.000218480000000     0.000556500000000    -0.000556500000000
     0.000556500000000     0.000218480000000     0.000556500000000
    -0.000556500000000     0.000556500000000     0.000218480000000
9 1
     0.001203980000000     0.000635500000000     0.000784000000000
     0.000680000000000     0.000021480000000    -0.000680000000000
     0.000784000000000    -0.000635500000000     0.001203980000000
9 2
    -0.000654020000000     0.000491500000000     0.000509000000000
     0.000491500000000    -0.000654020000000    -0.000509000000000
     0.000487500000000    -0.000487500000000    -0.004038020000000
9 3
    -0.066271520000000     0.046633000000000     0.046633000000000
     0.046633000000000    -0.066271520000000    -0.046633000000000
     0.046633000000000    -0.046633000000000    -0.066271520000000
9 4
     0.000021480000000     0.000680000000000     0.000680000000000
     0.000635500000000     0.001203980000000    -0.000784000000000
     0.000635500000000    -0.000784000000000     0.001203980000000
9 5
    -0.004038020000000     0.000487500000000     0.000487500000000
     0.000509000000000    -0.000654020000000    -0.000491500000000
     0.000509000000000    -0.000491500000000    -0.000654020000000
9 6
     0.000218480000000     0.000556500000000     0.000556500000000
     0.000556500000000     0.000218480000000    -0.000556500000000
     0.000556500000000    -0.000556500000000     0.000218480000000
9 7
     0.001203980000000     0.000784000000000     0.000635500000000
     0.000784000000000     0.001203980000000    -0.000635500000000
     0.000680000000000    -0.000680000000000     0.000021480000000
9 8
    -0.000654020000000     0.000509000000000     0.000491500000000
     0.000487500000000    -0.004038020000000    -0.000487500000000
     0.000491500000000    -0.000509000000000    -0.000654020000000
9 9
     0.272356980000000     0.000000000000000     0.000000000000000
     0.000000000000000     0.272356980000000     0.000000000000000
     0.000000000000000     0.000000000000000     0.272356980000000
9 10
    -0.000708020000000     0.000000000000000     0.000000000000000
     0.000000000000000    -0.000665020000000     0.000000000000000
     0.000000000000000     0.000000000000000    -0.000665020000000
9 11
    -0.000665020000000     0.000000000000000     0.000000000000000
     0.000000000000000    -0.000708020000000     0.000000000000000
     0.000000000000000     0.000000000000000    -0.000665020000000
9 12
    -0.000256020000000     0.000000000000000     0.000000000000000
     0.000000000000000    -0.000256020000000     0.000000000000000
     0.000000000000000     0.000000000000000     0.008344980000000
9 13
    -0.000665020000000     0.000000000000000     0.000000000000000
     0.000000000000000    -0.000665020000000     0.000000000000000
     0.000000000000000     0.000000000000000    -0.000708020000000
9 14
    -0.000256020000000     0.000000000000000     0.000000000000000
     0.000000000000000     0.008344980000000     0.000000000000000
     0.000000000000000     0.000000000000000    -0.000256020000000
9 15
     0.008344980000000     0.000000000000000     0.000000000000000
     0.000000000000000    -0.000256020000000     0.000000000000000
     0.000000000000000     0.000000000000000    -0.000256020000000
9 16
    -0.000513020000000     0.000000000000000     0.000000000000000
     0.000000000000000    -0.000513020000000     0.000000000000000
     0.000000000000000     0.000000000000000    -0.000513020000000
9 17
    -0.066271520000000    -0.046633000000000    -0.046633000000000
    -0.046633000000000    -0.066271520000000    -0.046633000000000
    -0.046633000000000    -0.046633000000000    -0.066271520000000
9 18
     0.000021480000000    -0.000680000000000    -0.000680000000000
    -0.000635500000000     0.001203980000000    -0.000784000000000
    -0.000635500000000    -0.000784000000000     0.001203980000000
9 19
     0.001203980000000    -0.000635500000000    -0.000784000000000
    -0.000680000000000     0.000021480000000    -0.000680000000000
    -0.000784000000000    -0.000635500000000     0.001203980000000
9 20
    -0.000654020000000    -0.000491500000000    -0.000509000000000
    -0.000491500000000    -0.000654020000000    -0.000509000000000
    -0.000487500000000    -0.000487500000000    -0.004038020000000
9 21
     0.001203980000000    -0.000784000000000    -0.000635500000000
    -0.000784000000000     0.001203980000000    -0.000635500000000
    -0.000680000000000    -0.000680000000000     0.000021480000000
9 22
    -0.000654020000000    -0.000509000000000    -0.000491500000000
    -0.000487500000000    -0.004038020000000    -0.000487500000000
    -0.000491500000000    -0.000509000000000    -0.000654020000000
9 23
    -0.004038020000000    -0.000487500000000    -0.000487500000000
    -0.000509000000000    -0.000654020000000    -0.000491500000000
    -0.000509000000000    -0.000491500000000    -0.000654020000000
9 24
     0.000218480000000    -0.000556500000000    -0.000556500000000
    -0.000556500000000     0.000218480000000    -0.000556500000000
    -0.000556500000000    -0.000556500000000     0.000218480000000
9 25
     0.009121480000000    -0.001867000000000     0.001867000000000
     0.001862000000000    -0.003863020000000     0.003775500000000
    -0.001862000000000     0.003775500000000    -0.003863020000000
9 26
    -0.000252520000000    -0.000189500000000     0.000189500000000
     0.000185000000000    -0.000791520000000    -0.001220000000000
    -0.000185000000000    -0.001220000000000    -0.000791520000000
9 27
     0.009121480000000    -0.001867000000000    -0.001867000000000
     0.001862000000000    -0.003863020000000    -0.003775500000000
     0.001862000000000    -0.003775500000000    -0.003863020000000
9 28
    -0.000252520000000    -0.000189500000000    -0.000189500000000
     0.000185000000000    -0.000791520000000     0.001220000000000
     0.000185000000000     0.001220000000000    -0.000791520000000
9 29
     0.009121480000000     0.001867000000000     0.001867000000000
    -0.001862000000000    -0.003863020000000    -0.003775500000000
    -0.001862000000000    -0.003775500000000    -0.003863020000000
9 30
    -0.000252520000000     0.000189500000000     0.000189500000000
    -0.000185000000000    -0.000791520000000     0.001220000000000
    -0.000185000000000     0.001220000000000    -0.000791520000000
9 31
     0.009121480000000     0.001867000000000    -0.001867000000000
    -0.001862000000000    -0.003863020000000     0.003775500000000
     0.001862000000000     0.003775500000000    -0.003863020000000
9 32
    -0.000252520000000     0.000189500000000    -0.000189500000000
    -0.000185000000000    -0.000791520000000    -0.001220000000000
     0.000185000000000    -0.001220000000000    -0.000791520000000
9 33
    -0.000654020000000    -0.000491500000000     0.000509000000000
    -0.000491500000000    -0.000654020000000     0.000509000000000
     0.000487500000000     0.000487500000000    -0.004038020000000
9 34
     0.001203980000000    -0.000635500000000     0.000784000000000
    -0.000680000000000     0.000021480000000     0.000680000000000
     0.000784000000000     0.000635500000000     0.001203980000000
9 35
     0.000021480000000    -0.000680000000000     0.000680000000000
    -0.000635500000000     0.001203980000000     0.000784000000000
     0.000635500000000     0.000784000000000     0.001203980000000
9 36
    -0.066271520000000    -0.046633000000000     0.046633000000000
    -0.046633000000000    -0.066271520000000     0.046633000000000
     0.046633000000000     0.046633000000000    -0.066271520000000
9 37
     0.000218480000000    -0.000556500000000     0.000556500000000
    -0.000556500000000     0.000218480000000     0.000556500000000
     0.000556500000000     0.000556500000000     0.000218480000000
9 38
    -0.004038020000000    -0.000487500000000     0.000487500000000
    -0.000509000000000    -0.000654020000000     0.000491500000000
     0.000509000000000     0.000491500000000    -0.000654020000000
9 39
    -0.000654020000000    -0.000509000000000     0.000491500000000
    -0.000487500000000    -0.004038020000000     0.000487500000000
     0.000491500000000     0.000509000000000    -0.000654020000000
9 40
     0.001203980000000    -0.000784000000000     0.000635500000000
    -0.000784000000000     0.001203980000000     0.000635500000000
     0.000680000000000     0.000680000000000     0.000021480000000
9 41
    -0.003863020000000     0.001862000000000     0.003775500000000
    -0.001867000000000     0.009121480000000     0.001867000000000
     0.003775500000000    -0.001862000000000    -0.003863020000000
9 42
    -0.003863020000000     0.001862000000000    -0.003775500000000
    -0.001867000000000     0.009121480000000    -0.001867000000000
    -0.003775500000000     0.001862000000000    -0.003863020000000
9 43
    -0.000791520000000     0.000185000000000    -0.001220000000000
    -0.000189500000000    -0.000252520000000     0.000189500000000
    -0.001220000000000    -0.000185000000000    -0.000791520000000
9 44
    -0.000791520000000     0.000185000000000     0.001220000000000
    -0.000189500000000    -0.000252520000000    -0.000189500000000
     0.001220000000000     0.000185000000000    -0.000791520000000
9 45
    -0.003863020000000    -0.001862000000000    -0.003775500000000
     0.001867000000000     0.009121480000000     0.001867000000000
    -0.003775500000000    -0.001862000000000    -0.003863020000000
9 46
    -0.003863020000000    -0.001862000000000     0.003775500000000
     0.001867000000000     0.009121480000000    -0.001867000000000
     0.003775500000000     0.001862000000000    -0.003863020000000
9 47
    -0.000791520000000    -0.000185000000000     0.001220000000000
     0.000189500000000    -0.000252520000000     0.000189500000000
     0.001220000000000    -0.000185000000000    -0.000791520000000
9 48
    -0.000791520000000    -0.000185000000000    -0.001220000000000
     0.000189500000000    -0.000252520000000    -0.000189500000000
    -0.001220000000000     0.000185000000000    -0.000791520000000
9 49
     0.000021480000000     0.000680000000000    -0.000680000000000
     0.000635500000000     0.001203980000000     0.000784000000000
    -0.000635500000000     0.000784000000000     0.001203980000000
9 50
    -0.066271520000000     0.046633000000000    -0.046633000000000
     0.046633000000000    -0.066271520000000     0.046633000000000
    -0.046633000000000     0.046633000000000    -0.066271520000000
9 51
    -0.000654020000000     0.000491500000000    -0.000509000000000
     0.000491500000000    -0.000654020000000     0.000509000000000
    -0.000487500000000     0.000487500000000    -0.004038020000000
9 52
     0.001203980000000     0.000635500000000    -0.000784000000000
     0.000680000000000     0.000021480000000     0.000680000000000
    -0.000784000000000     0.000635500000000     0.001203980000000
9 53
    -0.000654020000000     0.000509000000000    -0.000491500000000
     0.000487500000000    -0.004038020000000     0.000487500000000
    -0.000491500000000     0.000509000000000    -0.000654020000000
9 54
     0.001203980000000     0.000784000000000    -0.000635500000000
     0.000784000000000     0.001203980000000     0.000635500000000
    -0.000680000000000     0.000680000000000     0.000021480000000
9 55
     0.000218480000000     0.000556500000000    -0.000556500000000
     0.000556500000000     0.000218480000000     0.000556500000000
    -0.000556500000000     0.000556500000000     0.000218480000000
9 56
    -0.004038020000000     0.000487500000000    -0.000487500000000
     0.000509000000000    -0.000654020000000     0.000491500000000
    -0.000509000000000     0.000491500000000    -0.000654020000000
9 57
    -0.003863020000000    -0.003775500000000    -0.001862000000000
    -0.003775500000000    -0.003863020000000    -0.001862000000000
     0.001867000000000     0.001867000000000     0.009121480000000
9 58
    -0.003863020000000     0.003775500000000    -0.001862000000000
     0.003775500000000    -0.003863020000000     0.001862000000000
     0.001867000000000    -0.001867000000000     0.009121480000000
9 59
    -0.003863020000000     0.003775500000000     0.001862000000000
     0.003775500000000    -0.003863020000000    -0.001862000000000
    -0.001867000000000     0.001867000000000     0.009121480000000
9 60
    -0.003863020000000    -0.003775500000000     0.001862000000000
    -0.003775500000000    -0.003863020000000     0.001862000000000
    -0.001867000000000    -0.001867000000000     0.009121480000000
9 61
    -0.000791520000000     0.001220000000000    -0.000185000000000
     0.001220000000000    -0.000791520000000    -0.000185000000000
     0.000189500000000     0.000189500000000    -0.000252520000000
9 62
    -0.000791520000000    -0.001220000000000    -0.000185000000000
    -0.001220000000000    -0.000791520000000     0.000185000000000
     0.000189500000000    -0.000189500000000    -0.000252520000000
9 63
    -0.000791520000000    -0.001220000000000     0.000185000000000
    -0.001220000000000    -0.000791520000000    -0.000185000000000
    -0.000189500000000     0.000189500000000    -0.000252520000000
9 64
    -0.000791520000000     0.001220000000000     0.000185000000000
     0.001220000000000    -0.000791520000000     0.000185000000000
    -0.000189500000000    -0.000189500000000    -0.000252520000000