Dynamical matrix file
default                                                                    
  1    2  0  7.3075231  0.0000000  0.0000000  0.0000000  0.0000000  0.0000000
Basis vectors
     -0.707106781   -0.707106781    0.000000000
     -0.707106781    0.000000000   -0.707106781
      0.000000000   -0.707106781   -0.707106781
           1  'Si  '    25598.3672624059     
    1    1     -0.3535533906     -0.3535533906     -0.3535533906
    2    1     -0.7071067812     -0.7071067812     -0.7071067812

     Dynamical  Matrix in cartesian axes

     q = (    1.000000000   0.000000000   0.000000000 ) 

    1    1
  0.31877292  -0.00000000     0.00000000   0.00000000     0.00000000  -0.00000000
  0.00000000  -0.00000000     0.24077095   0.00000000     0.00000000   0.00000000
 -0.00000000   0.00000000     0.00000000   0.00000000     0.24077095   0.00000000
    1    2
 -0.10439150   0.13713658    -0.00000000  -0.00000000    -0.00000000   0.00000000
 -0.00000000  -0.00000000    -0.09051652   0.11890935    -0.10820046  -0.08236467
 -0.00000000   0.00000000    -0.10820046  -0.08236467    -0.09051652   0.11890935
    2    1
 -0.10439150  -0.13713658    -0.00000000   0.00000000    -0.00000000  -0.00000000
  0.00000000   0.00000000    -0.09051652  -0.11890935    -0.10820046   0.08236467
  0.00000000   0.00000000    -0.10820046   0.08236467    -0.09051652  -0.11890935
    2    2
  0.31877292   0.00000000     0.00000000  -0.00000000    -0.00000000  -0.00000000
 -0.00000000  -0.00000000     0.24077095   0.00000000     0.00000000   0.00000000
  0.00000000  -0.00000000     0.00000000   0.00000000     0.24077095   0.00000000

     Dynamical  Matrix in cartesian axes

     q = (    0.000000000   0.000000000   1.000000000 ) 

    1    1
  0.24077095   0.00000000     0.00000000   0.00000000    -0.00000000  -0.00000000
  0.00000000   0.00000000     0.24077095   0.00000000    -0.00000000  -0.00000000
 -0.00000000  -0.00000000    -0.00000000  -0.00000000     0.31877292   0.00000000
    1    2
 -0.09051652   0.11890935    -0.10820046  -0.08236467     0.00000000   0.00000000
 -0.10820046  -0.08236467    -0.09051652   0.11890935    -0.00000000  -0.00000000
  0.00000000   0.00000000     0.00000000  -0.00000000    -0.10439150   0.13713658
    2    1
 -0.09051652  -0.11890935    -0.10820046   0.08236467    -0.00000000   0.00000000
 -0.10820046   0.08236467    -0.09051652  -0.11890935     0.00000000   0.00000000
 -0.00000000  -0.00000000    -0.00000000   0.00000000    -0.10439150  -0.13713658
    2    2
  0.24077095   0.00000000     0.00000000   0.00000000     0.00000000  -0.00000000
  0.00000000   0.00000000     0.24077095   0.00000000     0.00000000  -0.00000000
  0.00000000  -0.00000000    -0.00000000  -0.00000000     0.31877292   0.00000000

     Dynamical  Matrix in cartesian axes

     q = (    0.000000000   0.000000000  -1.000000000 ) 

    1    1
  0.24077095   0.00000000     0.00000000   0.00000000     0.00000000  -0.00000000
  0.00000000   0.00000000     0.24077095   0.00000000    -0.00000000  -0.00000000
  0.00000000  -0.00000000     0.00000000  -0.00000000     0.31877292   0.00000000
    1    2
 -0.09051652  -0.11890935    -0.10820046   0.08236467     0.00000000   0.00000000
 -0.10820046   0.08236467    -0.09051652  -0.11890935    -0.00000000   0.00000000
  0.00000000   0.00000000    -0.00000000   0.00000000    -0.10439150  -0.13713658
    2    1
 -0.09051652   0.11890935    -0.10820046  -0.08236467    -0.00000000   0.00000000
 -0.10820046  -0.08236467    -0.09051652   0.11890935    -0.00000000  -0.00000000
 -0.00000000   0.00000000     0.00000000   0.00000000    -0.10439150   0.13713658
    2    2
  0.24077095   0.00000000     0.00000000   0.00000000     0.00000000  -0.00000000
  0.00000000   0.00000000     0.24077095   0.00000000     0.00000000  -0.00000000
  0.00000000  -0.00000000    -0.00000000  -0.00000000     0.31877292   0.00000000

     Dynamical  Matrix in cartesian axes

     q = (   -1.000000000   0.000000000   0.000000000 ) 

    1    1
  0.31877292   0.00000000     0.00000000  -0.00000000    -0.00000000  -0.00000000
 -0.00000000  -0.00000000     0.24077095   0.00000000     0.00000000   0.00000000
  0.00000000  -0.00000000     0.00000000   0.00000000     0.24077095   0.00000000
    1    2
 -0.10439150  -0.13713658     0.00000000   0.00000000     0.00000000  -0.00000000
  0.00000000  -0.00000000    -0.09051652  -0.11890935    -0.10820046   0.08236467
 -0.00000000   0.00000000    -0.10820046   0.08236467    -0.09051652  -0.11890935
    2    1
 -0.10439150   0.13713658     0.00000000   0.00000000    -0.00000000  -0.00000000
  0.00000000   0.00000000    -0.09051652   0.11890935    -0.10820046  -0.08236467
 -0.00000000   0.00000000    -0.10820046  -0.08236467    -0.09051652   0.11890935
    2    2
  0.31877292   0.00000000    -0.00000000  -0.00000000     0.00000000  -0.00000000
  0.00000000  -0.00000000     0.24077095   0.00000000     0.00000000   0.00000000
  0.00000000  -0.00000000     0.00000000   0.00000000     0.24077095   0.00000000

     Dynamical  Matrix in cartesian axes

     q = (    0.000000000   1.000000000   0.000000000 ) 

    1    1
  0.24077095   0.00000000     0.00000000  -0.00000000     0.00000000   0.00000000
 -0.00000000  -0.00000000     0.31877292   0.00000000     0.00000000  -0.00000000
  0.00000000   0.00000000     0.00000000  -0.00000000     0.24077095   0.00000000
    1    2
 -0.09051652   0.11890935    -0.00000000   0.00000000    -0.10820046  -0.08236467
  0.00000000   0.00000000    -0.10439150   0.13713658    -0.00000000   0.00000000
 -0.10820046  -0.08236467    -0.00000000  -0.00000000    -0.09051652   0.11890935
    2    1
 -0.09051652  -0.11890935     0.00000000   0.00000000    -0.10820046   0.08236467
 -0.00000000   0.00000000    -0.10439150  -0.13713658    -0.00000000  -0.00000000
 -0.10820046   0.08236467    -0.00000000   0.00000000    -0.09051652  -0.11890935
    2    2
  0.24077095   0.00000000     0.00000000  -0.00000000     0.00000000   0.00000000
  0.00000000  -0.00000000     0.31877292   0.00000000     0.00000000  -0.00000000
  0.00000000   0.00000000     0.00000000  -0.00000000     0.24077095   0.00000000

     Dynamical  Matrix in cartesian axes

     q = (    0.000000000  -1.000000000   0.000000000 ) 

    1    1
  0.24077095   0.00000000     0.00000000  -0.00000000     0.00000000   0.00000000
  0.00000000  -0.00000000     0.31877292   0.00000000     0.00000000  -0.00000000
  0.00000000   0.00000000     0.00000000  -0.00000000     0.24077095   0.00000000
    1    2
 -0.09051652  -0.11890935    -0.00000000   0.00000000    -0.10820046   0.08236467
 -0.00000000  -0.00000000    -0.10439150  -0.13713658    -0.00000000   0.00000000
 -0.10820046   0.08236467    -0.00000000   0.00000000    -0.09051652  -0.11890935
    2    1
 -0.09051652   0.11890935    -0.00000000   0.00000000    -0.10820046  -0.08236467
 -0.00000000   0.00000000    -0.10439150   0.13713658    -0.00000000  -0.00000000
 -0.10820046  -0.08236467     0.00000000  -0.00000000    -0.09051652   0.11890935
    2    2
  0.24077095   0.00000000     0.00000000  -0.00000000     0.00000000   0.00000000
 -0.00000000  -0.00000000     0.31877292   0.00000000     0.00000000  -0.00000000
  0.00000000   0.00000000    -0.00000000  -0.00000000     0.24077095   0.00000000

     Diagonalizing the dynamical matrix

     q = (    1.000000000   0.000000000   0.000000000 ) 

 **************************************************************************
     freq (    1) =       4.046182 [THz] =     134.966094 [cm-1]
 ( -0.000000  0.000000  0.002673 -0.559705  0.235216  0.362487 ) 
 ( -0.000000 -0.000000  0.604321 -0.150938 -0.334685  0.000000 ) 
     freq (    2) =       4.046182 [THz] =     134.966094 [cm-1]
 ( -0.000000  0.000000  0.431303  0.026487  0.485995 -0.277642 ) 
 ( -0.000000  0.000000  0.324710 -0.081101  0.622885  0.000000 ) 
     freq (    3) =       7.868203 [THz] =     262.455009 [cm-1]
 ( -0.275003 -0.651440  0.000000  0.000000  0.000000 -0.000000 ) 
 (  0.351777 -0.613395 -0.000000 -0.000000  0.000000  0.000000 ) 
     freq (    4) =      13.683043 [THz] =     456.417177 [cm-1]
 ( -0.000000  0.000000  0.163999 -0.414717  0.077432  0.543248 ) 
 (  0.000000 -0.000000 -0.580457 -0.170079  0.366256  0.000000 ) 
     freq (    5) =      13.683043 [THz] =     456.417177 [cm-1]
 (  0.000000 -0.000000 -0.541981 -0.085856 -0.417213  0.157541 ) 
 ( -0.000000 -0.000000  0.351478  0.102986  0.604861  0.000000 ) 
     freq (    6) =      14.409980 [THz] =     480.665181 [cm-1]
 (  0.048384 -0.705449  0.000000 -0.000000  0.000000  0.000000 ) 
 ( -0.590628  0.388792 -0.000000 -0.000000  0.000000  0.000000 ) 
 **************************************************************************
