Dynamical matrix file
default                                                                    
  1    2   2  10.2273000   0.0000000   0.0000000   0.0000000   0.0000000   0.0000000
           1  'Si  '    25598.3672898282     
    1    1     -0.2500000000      0.2500000000      0.2500000000
    2    1     -0.5000000000      0.5000000000      0.5000000000

     Dynamical  Matrix in cartesian axes

     q = (    0.250000000   0.000000000   0.250000000 ) 

    1    1
  0.27952983   0.00000000     0.00000000  -0.00305832     0.00560130   0.00000000
  0.00000000   0.00305832     0.27761195   0.00000000     0.00000000   0.00305832
  0.00560130   0.00000000     0.00000000  -0.00305832     0.27952983   0.00000000
    1    2
 -0.23132525   0.00000000     0.00000000   0.06250818     0.02735429   0.00000000
  0.00000000   0.06250818    -0.23618329   0.00000000     0.00000000   0.06250818
  0.02735429   0.00000000     0.00000000   0.06250818    -0.23132525   0.00000000
    2    1
 -0.23132525   0.00000000     0.00000000  -0.06250818     0.02735429   0.00000000
  0.00000000  -0.06250818    -0.23618329   0.00000000     0.00000000  -0.06250818
  0.02735429   0.00000000     0.00000000  -0.06250818    -0.23132525   0.00000000
    2    2
  0.27952983   0.00000000     0.00000000   0.00305832     0.00560130   0.00000000
  0.00000000  -0.00305832     0.27761195   0.00000000     0.00000000  -0.00305832
  0.00560130   0.00000000     0.00000000   0.00305832     0.27952983   0.00000000

     Dynamical  Matrix in cartesian axes

     q = (   -0.250000000   0.000000000   0.250000000 ) 

    1    1
  0.27952983   0.00000000     0.00000000  -0.00305832    -0.00560130   0.00000000
  0.00000000   0.00305832     0.27761195   0.00000000     0.00000000  -0.00305832
 -0.00560130   0.00000000     0.00000000   0.00305832     0.27952983   0.00000000
    1    2
 -0.16357165   0.16357165     0.04419996   0.04419996    -0.01934241   0.01934241
  0.04419996   0.04419996    -0.16700681   0.16700681    -0.04419996  -0.04419996
 -0.01934241   0.01934241    -0.04419996  -0.04419996    -0.16357165   0.16357165
    2    1
 -0.16357165  -0.16357165     0.04419996  -0.04419996    -0.01934241  -0.01934241
  0.04419996  -0.04419996    -0.16700681  -0.16700681    -0.04419996   0.04419996
 -0.01934241  -0.01934241    -0.04419996   0.04419996    -0.16357165  -0.16357165
    2    2
  0.27952983   0.00000000     0.00000000   0.00305832    -0.00560130   0.00000000
  0.00000000  -0.00305832     0.27761195   0.00000000     0.00000000   0.00305832
 -0.00560130   0.00000000     0.00000000  -0.00305832     0.27952983   0.00000000

     Dynamical  Matrix in cartesian axes

     q = (   -0.250000000   0.000000000  -0.250000000 ) 

    1    1
  0.27952983   0.00000000     0.00000000   0.00305832     0.00560130   0.00000000
  0.00000000  -0.00305832     0.27761195   0.00000000     0.00000000  -0.00305832
  0.00560130   0.00000000     0.00000000   0.00305832     0.27952983   0.00000000
    1    2
 -0.23132525   0.00000000     0.00000000  -0.06250818     0.02735429   0.00000000
  0.00000000  -0.06250818    -0.23618329   0.00000000     0.00000000  -0.06250818
  0.02735429   0.00000000     0.00000000  -0.06250818    -0.23132525   0.00000000
    2    1
 -0.23132525   0.00000000     0.00000000   0.06250818     0.02735429   0.00000000
  0.00000000   0.06250818    -0.23618329   0.00000000     0.00000000   0.06250818
  0.02735429   0.00000000     0.00000000   0.06250818    -0.23132525   0.00000000
    2    2
  0.27952983   0.00000000     0.00000000  -0.00305832     0.00560130   0.00000000
  0.00000000   0.00305832     0.27761195   0.00000000     0.00000000   0.00305832
  0.00560130   0.00000000     0.00000000  -0.00305832     0.27952983   0.00000000

     Dynamical  Matrix in cartesian axes

     q = (    0.000000000   0.250000000  -0.250000000 ) 

    1    1
  0.27761195   0.00000000     0.00000000  -0.00305832     0.00000000   0.00305832
  0.00000000   0.00305832     0.27952983   0.00000000    -0.00560130   0.00000000
  0.00000000  -0.00305832    -0.00560130   0.00000000     0.27952983   0.00000000
    1    2
 -0.23618329   0.00000000     0.00000000  -0.06250818     0.00000000   0.06250818
  0.00000000  -0.06250818    -0.23132525   0.00000000    -0.02735429   0.00000000
  0.00000000   0.06250818    -0.02735429   0.00000000    -0.23132525   0.00000000
    2    1
 -0.23618329   0.00000000     0.00000000   0.06250818     0.00000000  -0.06250818
  0.00000000   0.06250818    -0.23132525   0.00000000    -0.02735429   0.00000000
  0.00000000  -0.06250818    -0.02735429   0.00000000    -0.23132525   0.00000000
    2    2
  0.27761195   0.00000000     0.00000000   0.00305832     0.00000000  -0.00305832
  0.00000000  -0.00305832     0.27952983   0.00000000    -0.00560130   0.00000000
  0.00000000   0.00305832    -0.00560130   0.00000000     0.27952983   0.00000000

     Dynamical  Matrix in cartesian axes

     q = (   -0.250000000   0.250000000   0.000000000 ) 

    1    1
  0.27952983   0.00000000    -0.00560130  -0.00000000     0.00000000  -0.00305832
 -0.00560130  -0.00000000     0.27952983   0.00000000     0.00000000   0.00305832
  0.00000000   0.00305832     0.00000000  -0.00305832     0.27761195   0.00000000
    1    2
 -0.16357165   0.16357165    -0.01934241   0.01934241     0.04419996   0.04419996
 -0.01934241   0.01934241    -0.16357165   0.16357165    -0.04419996  -0.04419996
  0.04419996   0.04419996    -0.04419996  -0.04419996    -0.16700681   0.16700681
    2    1
 -0.16357165  -0.16357165    -0.01934241  -0.01934241     0.04419996  -0.04419996
 -0.01934241  -0.01934241    -0.16357165  -0.16357165    -0.04419996   0.04419996
  0.04419996  -0.04419996    -0.04419996   0.04419996    -0.16700681  -0.16700681
    2    2
  0.27952983   0.00000000    -0.00560130  -0.00000000     0.00000000   0.00305832
 -0.00560130  -0.00000000     0.27952983   0.00000000     0.00000000  -0.00305832
  0.00000000  -0.00305832     0.00000000   0.00305832     0.27761195   0.00000000

     Dynamical  Matrix in cartesian axes

     q = (    0.250000000   0.000000000  -0.250000000 ) 

    1    1
  0.27952983   0.00000000     0.00000000   0.00305832    -0.00560130   0.00000000
  0.00000000  -0.00305832     0.27761195   0.00000000     0.00000000   0.00305832
 -0.00560130   0.00000000     0.00000000  -0.00305832     0.27952983   0.00000000
    1    2
 -0.16357165  -0.16357165     0.04419996  -0.04419996    -0.01934241  -0.01934241
  0.04419996  -0.04419996    -0.16700681  -0.16700681    -0.04419996   0.04419996
 -0.01934241  -0.01934241    -0.04419996   0.04419996    -0.16357165  -0.16357165
    2    1
 -0.16357165   0.16357165     0.04419996   0.04419996    -0.01934241   0.01934241
  0.04419996   0.04419996    -0.16700681   0.16700681    -0.04419996  -0.04419996
 -0.01934241   0.01934241    -0.04419996  -0.04419996    -0.16357165   0.16357165
    2    2
  0.27952983   0.00000000     0.00000000  -0.00305832    -0.00560130   0.00000000
  0.00000000   0.00305832     0.27761195   0.00000000     0.00000000  -0.00305832
 -0.00560130   0.00000000     0.00000000   0.00305832     0.27952983   0.00000000

     Dynamical  Matrix in cartesian axes

     q = (    0.000000000   0.250000000   0.250000000 ) 

    1    1
  0.27761195   0.00000000     0.00000000   0.00305832     0.00000000   0.00305832
  0.00000000  -0.00305832     0.27952983   0.00000000     0.00560130   0.00000000
  0.00000000  -0.00305832     0.00560130   0.00000000     0.27952983   0.00000000
    1    2
 -0.16700681   0.16700681     0.04419996   0.04419996     0.04419996   0.04419996
  0.04419996   0.04419996    -0.16357165   0.16357165     0.01934241  -0.01934241
  0.04419996   0.04419996     0.01934241  -0.01934241    -0.16357165   0.16357165
    2    1
 -0.16700681  -0.16700681     0.04419996  -0.04419996     0.04419996  -0.04419996
  0.04419996  -0.04419996    -0.16357165  -0.16357165     0.01934241   0.01934241
  0.04419996  -0.04419996     0.01934241   0.01934241    -0.16357165  -0.16357165
    2    2
  0.27761195   0.00000000     0.00000000  -0.00305832     0.00000000  -0.00305832
  0.00000000   0.00305832     0.27952983   0.00000000     0.00560130   0.00000000
  0.00000000   0.00305832     0.00560130   0.00000000     0.27952983   0.00000000

     Dynamical  Matrix in cartesian axes

     q = (    0.000000000  -0.250000000  -0.250000000 ) 

    1    1
  0.27761195   0.00000000     0.00000000  -0.00305832     0.00000000  -0.00305832
  0.00000000   0.00305832     0.27952983   0.00000000     0.00560130   0.00000000
  0.00000000   0.00305832     0.00560130   0.00000000     0.27952983   0.00000000
    1    2
 -0.16700681  -0.16700681     0.04419996  -0.04419996     0.04419996  -0.04419996
  0.04419996  -0.04419996    -0.16357165  -0.16357165     0.01934241   0.01934241
  0.04419996  -0.04419996     0.01934241   0.01934241    -0.16357165  -0.16357165
    2    1
 -0.16700681   0.16700681     0.04419996   0.04419996     0.04419996   0.04419996
  0.04419996   0.04419996    -0.16357165   0.16357165     0.01934241  -0.01934241
  0.04419996   0.04419996     0.01934241  -0.01934241    -0.16357165   0.16357165
    2    2
  0.27761195   0.00000000     0.00000000   0.00305832     0.00000000   0.00305832
  0.00000000  -0.00305832     0.27952983   0.00000000     0.00560130   0.00000000
  0.00000000  -0.00305832     0.00560130   0.00000000     0.27952983   0.00000000

     Dynamical  Matrix in cartesian axes

     q = (    0.250000000   0.250000000   0.000000000 ) 

    1    1
  0.27952983   0.00000000     0.00560130   0.00000000     0.00000000  -0.00305832
  0.00560130   0.00000000     0.27952983   0.00000000     0.00000000  -0.00305832
  0.00000000   0.00305832     0.00000000   0.00305832     0.27761195   0.00000000
    1    2
 -0.23132525   0.00000000     0.02735429   0.00000000     0.00000000   0.06250818
  0.02735429   0.00000000    -0.23132525   0.00000000     0.00000000   0.06250818
  0.00000000   0.06250818     0.00000000   0.06250818    -0.23618329   0.00000000
    2    1
 -0.23132525   0.00000000     0.02735429   0.00000000     0.00000000  -0.06250818
  0.02735429   0.00000000    -0.23132525   0.00000000     0.00000000  -0.06250818
  0.00000000  -0.06250818     0.00000000  -0.06250818    -0.23618329   0.00000000
    2    2
  0.27952983   0.00000000     0.00560130   0.00000000     0.00000000   0.00305832
  0.00560130   0.00000000     0.27952983   0.00000000     0.00000000   0.00305832
  0.00000000  -0.00305832     0.00000000  -0.00305832     0.27761195   0.00000000

     Dynamical  Matrix in cartesian axes

     q = (   -0.250000000  -0.250000000   0.000000000 ) 

    1    1
  0.27952983   0.00000000     0.00560130   0.00000000     0.00000000   0.00305832
  0.00560130   0.00000000     0.27952983   0.00000000     0.00000000   0.00305832
  0.00000000  -0.00305832     0.00000000  -0.00305832     0.27761195   0.00000000
    1    2
 -0.23132525   0.00000000     0.02735429   0.00000000     0.00000000  -0.06250818
  0.02735429   0.00000000    -0.23132525   0.00000000     0.00000000  -0.06250818
  0.00000000  -0.06250818     0.00000000  -0.06250818    -0.23618329   0.00000000
    2    1
 -0.23132525   0.00000000     0.02735429   0.00000000     0.00000000   0.06250818
  0.02735429   0.00000000    -0.23132525   0.00000000     0.00000000   0.06250818
  0.00000000   0.06250818     0.00000000   0.06250818    -0.23618329   0.00000000
    2    2
  0.27952983   0.00000000     0.00560130   0.00000000     0.00000000  -0.00305832
  0.00560130   0.00000000     0.27952983   0.00000000     0.00000000  -0.00305832
  0.00000000   0.00305832     0.00000000   0.00305832     0.27761195   0.00000000

     Dynamical  Matrix in cartesian axes

     q = (    0.000000000  -0.250000000   0.250000000 ) 

    1    1
  0.27761195   0.00000000     0.00000000   0.00305832     0.00000000  -0.00305832
  0.00000000  -0.00305832     0.27952983   0.00000000    -0.00560130   0.00000000
  0.00000000   0.00305832    -0.00560130   0.00000000     0.27952983   0.00000000
    1    2
 -0.23618329   0.00000000     0.00000000   0.06250818     0.00000000  -0.06250818
  0.00000000   0.06250818    -0.23132525   0.00000000    -0.02735429   0.00000000
  0.00000000  -0.06250818    -0.02735429   0.00000000    -0.23132525   0.00000000
    2    1
 -0.23618329   0.00000000     0.00000000  -0.06250818     0.00000000   0.06250818
  0.00000000  -0.06250818    -0.23132525   0.00000000    -0.02735429   0.00000000
  0.00000000   0.06250818    -0.02735429   0.00000000    -0.23132525   0.00000000
    2    2
  0.27761195   0.00000000     0.00000000  -0.00305832     0.00000000   0.00305832
  0.00000000   0.00305832     0.27952983   0.00000000    -0.00560130   0.00000000
  0.00000000  -0.00305832    -0.00560130   0.00000000     0.27952983   0.00000000

     Dynamical  Matrix in cartesian axes

     q = (    0.250000000  -0.250000000   0.000000000 ) 

    1    1
  0.27952983   0.00000000    -0.00560130  -0.00000000     0.00000000   0.00305832
 -0.00560130  -0.00000000     0.27952983   0.00000000     0.00000000  -0.00305832
  0.00000000  -0.00305832     0.00000000   0.00305832     0.27761195   0.00000000
    1    2
 -0.16357165  -0.16357165    -0.01934241  -0.01934241     0.04419996  -0.04419996
 -0.01934241  -0.01934241    -0.16357165  -0.16357165    -0.04419996   0.04419996
  0.04419996  -0.04419996    -0.04419996   0.04419996    -0.16700681  -0.16700681
    2    1
 -0.16357165   0.16357165    -0.01934241   0.01934241     0.04419996   0.04419996
 -0.01934241   0.01934241    -0.16357165   0.16357165    -0.04419996  -0.04419996
  0.04419996   0.04419996    -0.04419996  -0.04419996    -0.16700681   0.16700681
    2    2
  0.27952983   0.00000000    -0.00560130  -0.00000000     0.00000000  -0.00305832
 -0.00560130  -0.00000000     0.27952983   0.00000000     0.00000000   0.00305832
  0.00000000   0.00305832     0.00000000  -0.00305832     0.27761195   0.00000000

     Diagonalizing the dynamical matrix

     q = (    0.250000000   0.000000000   0.250000000 ) 

 **************************************************************************
     freq (    1) =       2.539157 [THz] =      84.697144 [cm-1]
 (  0.500000 -0.000000  0.000000  0.000000 -0.500000 -0.000000 ) 
 (  0.500000  0.000000  0.000000  0.000000 -0.500000  0.000000 ) 
     freq (    2) =       3.325727 [THz] =     110.934314 [cm-1]
 (  0.089343  0.000000 -0.000000  0.695727  0.089343  0.000000 ) 
 ( -0.089343 -0.000000 -0.000000  0.695727 -0.089343  0.000000 ) 
     freq (    3) =       5.125070 [THz] =     170.953930 [cm-1]
 ( -0.489785 -0.000000  0.000000  0.142199 -0.489785 -0.000000 ) 
 ( -0.489785  0.000000  0.000000 -0.142199 -0.489785  0.000000 ) 
     freq (    4) =      14.603061 [THz] =     487.105693 [cm-1]
 ( -0.491953  0.000000  0.000000  0.126351 -0.491953 -0.000000 ) 
 (  0.491953 -0.000000 -0.000000  0.126351  0.491953  0.000000 ) 
     freq (    5) =      15.006271 [THz] =     500.555310 [cm-1]
 ( -0.500000  0.000000  0.000000  0.000000  0.500000 -0.000000 ) 
 (  0.500000 -0.000000 -0.000000 -0.000000 -0.500000  0.000000 ) 
     freq (    6) =      15.009412 [THz] =     500.660088 [cm-1]
 (  0.100550  0.000000  0.000000  0.692661  0.100550 -0.000000 ) 
 (  0.100550 -0.000000 -0.000000 -0.692661  0.100550  0.000000 ) 
 **************************************************************************
