Dynamical matrix file
default                                                                    
  1    2   2  10.2273000   0.0000000   0.0000000   0.0000000   0.0000000   0.0000000
           1  'Si  '    25598.3672898282     
    1    1     -0.2500000000      0.2500000000      0.2500000000
    2    1     -0.5000000000      0.5000000000      0.5000000000

     Dynamical  Matrix in cartesian axes

     q = (    0.750000000  -0.250000000   1.000000000 ) 

    1    1
  0.25205434   0.00000000    -0.00473841   0.00000000     0.00000000  -0.00004670
 -0.00473841   0.00000000     0.31750290   0.00000000     0.00000000   0.01268370
  0.00000000   0.00004670     0.00000000  -0.01268370     0.25997379   0.00000000
    1    2
  0.00000000   0.08725583    -0.00000000   0.06299371     0.17312133  -0.00000000
 -0.00000000   0.06299371     0.00000000   0.09414693    -0.02753698   0.00000000
  0.17312133  -0.00000000    -0.02753698   0.00000000     0.00000000   0.09015272
    2    1
  0.00000000  -0.08725583    -0.00000000  -0.06299371     0.17312133   0.00000000
 -0.00000000  -0.06299371     0.00000000  -0.09414693    -0.02753698   0.00000000
  0.17312133   0.00000000    -0.02753698   0.00000000     0.00000000  -0.09015272
    2    2
  0.25205434   0.00000000    -0.00473841   0.00000000     0.00000000   0.00004670
 -0.00473841   0.00000000     0.31750290   0.00000000     0.00000000  -0.01268370
  0.00000000  -0.00004670     0.00000000   0.01268370     0.25997379   0.00000000

     Dynamical  Matrix in cartesian axes

     q = (    1.000000000   0.250000000   0.750000000 ) 

    1    1
  0.25997379   0.00000000     0.00000000  -0.01268370     0.00000000  -0.00004670
  0.00000000   0.01268370     0.31750290   0.00000000     0.00473841  -0.00000000
  0.00000000   0.00004670     0.00473841  -0.00000000     0.25205434   0.00000000
    1    2
 -0.00000000  -0.09015272     0.02753698   0.00000000     0.17312133   0.00000000
  0.02753698   0.00000000    -0.00000000  -0.09414693     0.00000000   0.06299371
  0.17312133   0.00000000     0.00000000   0.06299371    -0.00000000  -0.08725583
    2    1
  0.00000000   0.09015272     0.02753698   0.00000000     0.17312133  -0.00000000
  0.02753698   0.00000000     0.00000000   0.09414693     0.00000000  -0.06299371
  0.17312133   0.00000000     0.00000000  -0.06299371     0.00000000   0.08725583
    2    2
  0.25997379   0.00000000     0.00000000   0.01268370     0.00000000   0.00004670
  0.00000000  -0.01268370     0.31750290   0.00000000     0.00473841  -0.00000000
  0.00000000  -0.00004670     0.00473841  -0.00000000     0.25205434   0.00000000

     Dynamical  Matrix in cartesian axes

     q = (    0.750000000   0.250000000   1.000000000 ) 

    1    1
  0.25205434   0.00000000     0.00473841  -0.00000000     0.00000000   0.00004670
  0.00473841  -0.00000000     0.31750290   0.00000000     0.00000000   0.01268370
  0.00000000  -0.00004670     0.00000000  -0.01268370     0.25997379   0.00000000
    1    2
 -0.06169919  -0.06169919     0.04454328   0.04454328     0.12241527  -0.12241527
  0.04454328   0.04454328    -0.06657193  -0.06657193     0.01947158  -0.01947158
  0.12241527  -0.12241527     0.01947158  -0.01947158    -0.06374760  -0.06374760
    2    1
 -0.06169919   0.06169919     0.04454328  -0.04454328     0.12241527   0.12241527
  0.04454328  -0.04454328    -0.06657193   0.06657193     0.01947158   0.01947158
  0.12241527   0.12241527     0.01947158   0.01947158    -0.06374760   0.06374760
    2    2
  0.25205434   0.00000000     0.00473841  -0.00000000     0.00000000  -0.00004670
  0.00473841  -0.00000000     0.31750290   0.00000000     0.00000000  -0.01268370
  0.00000000   0.00004670     0.00000000   0.01268370     0.25997379   0.00000000

     Dynamical  Matrix in cartesian axes

     q = (    1.000000000  -0.250000000  -0.750000000 ) 

    1    1
  0.25997379   0.00000000     0.00000000   0.01268370     0.00000000   0.00004670
  0.00000000  -0.01268370     0.31750290   0.00000000     0.00473841  -0.00000000
  0.00000000  -0.00004670     0.00473841  -0.00000000     0.25205434   0.00000000
    1    2
  0.00000000   0.09015272     0.02753698   0.00000000     0.17312133  -0.00000000
  0.02753698   0.00000000     0.00000000   0.09414693     0.00000000  -0.06299371
  0.17312133   0.00000000     0.00000000  -0.06299371     0.00000000   0.08725583
    2    1
 -0.00000000  -0.09015272     0.02753698   0.00000000     0.17312133   0.00000000
  0.02753698   0.00000000    -0.00000000  -0.09414693     0.00000000   0.06299371
  0.17312133   0.00000000     0.00000000   0.06299371    -0.00000000  -0.08725583
    2    2
  0.25997379   0.00000000     0.00000000  -0.01268370     0.00000000  -0.00004670
  0.00000000   0.01268370     0.31750290   0.00000000     0.00473841  -0.00000000
  0.00000000   0.00004670     0.00473841  -0.00000000     0.25205434   0.00000000

     Dynamical  Matrix in cartesian axes

     q = (    1.000000000  -0.250000000   0.750000000 ) 

    1    1
  0.25997379   0.00000000     0.00000000  -0.01268370     0.00000000   0.00004670
  0.00000000   0.01268370     0.31750290   0.00000000    -0.00473841   0.00000000
  0.00000000  -0.00004670    -0.00473841  -0.00000000     0.25205434   0.00000000
    1    2
 -0.06374760   0.06374760    -0.01947158  -0.01947158     0.12241527   0.12241527
 -0.01947158  -0.01947158    -0.06657193   0.06657193    -0.04454328   0.04454328
  0.12241527   0.12241527    -0.04454328   0.04454328    -0.06169919   0.06169919
    2    1
 -0.06374760  -0.06374760    -0.01947158   0.01947158     0.12241527  -0.12241527
 -0.01947158   0.01947158    -0.06657193  -0.06657193    -0.04454328  -0.04454328
  0.12241527  -0.12241527    -0.04454328  -0.04454328    -0.06169919  -0.06169919
    2    2
  0.25997379   0.00000000     0.00000000   0.01268370     0.00000000  -0.00004670
  0.00000000  -0.01268370     0.31750290   0.00000000    -0.00473841   0.00000000
  0.00000000   0.00004670    -0.00473841  -0.00000000     0.25205434   0.00000000

     Dynamical  Matrix in cartesian axes

     q = (   -0.750000000  -0.250000000  -1.000000000 ) 

    1    1
  0.25205434   0.00000000     0.00473841  -0.00000000     0.00000000  -0.00004670
  0.00473841  -0.00000000     0.31750290   0.00000000     0.00000000  -0.01268370
  0.00000000   0.00004670     0.00000000   0.01268370     0.25997379   0.00000000
    1    2
 -0.06169919   0.06169919     0.04454328  -0.04454328     0.12241527   0.12241527
  0.04454328  -0.04454328    -0.06657193   0.06657193     0.01947158   0.01947158
  0.12241527   0.12241527     0.01947158   0.01947158    -0.06374760   0.06374760
    2    1
 -0.06169919  -0.06169919     0.04454328   0.04454328     0.12241527  -0.12241527
  0.04454328   0.04454328    -0.06657193  -0.06657193     0.01947158  -0.01947158
  0.12241527  -0.12241527     0.01947158  -0.01947158    -0.06374760  -0.06374760
    2    2
  0.25205434   0.00000000     0.00473841  -0.00000000     0.00000000   0.00004670
  0.00473841  -0.00000000     0.31750290   0.00000000     0.00000000   0.01268370
  0.00000000  -0.00004670     0.00000000  -0.01268370     0.25997379   0.00000000

     Dynamical  Matrix in cartesian axes

     q = (   -1.000000000   0.250000000  -0.750000000 ) 

    1    1
  0.25997379   0.00000000     0.00000000   0.01268370     0.00000000  -0.00004670
  0.00000000  -0.01268370     0.31750290   0.00000000    -0.00473841   0.00000000
  0.00000000   0.00004670    -0.00473841  -0.00000000     0.25205434   0.00000000
    1    2
 -0.06374760  -0.06374760    -0.01947158   0.01947158     0.12241527  -0.12241527
 -0.01947158   0.01947158    -0.06657193  -0.06657193    -0.04454328  -0.04454328
  0.12241527  -0.12241527    -0.04454328  -0.04454328    -0.06169919  -0.06169919
    2    1
 -0.06374760   0.06374760    -0.01947158  -0.01947158     0.12241527   0.12241527
 -0.01947158  -0.01947158    -0.06657193   0.06657193    -0.04454328   0.04454328
  0.12241527   0.12241527    -0.04454328   0.04454328    -0.06169919   0.06169919
    2    2
  0.25997379   0.00000000     0.00000000  -0.01268370     0.00000000   0.00004670
  0.00000000   0.01268370     0.31750290   0.00000000    -0.00473841   0.00000000
  0.00000000  -0.00004670    -0.00473841  -0.00000000     0.25205434   0.00000000

     Dynamical  Matrix in cartesian axes

     q = (   -0.750000000   0.250000000   1.000000000 ) 

    1    1
  0.25205434   0.00000000    -0.00473841   0.00000000     0.00000000   0.00004670
 -0.00473841   0.00000000     0.31750290   0.00000000     0.00000000  -0.01268370
  0.00000000  -0.00004670     0.00000000   0.01268370     0.25997379   0.00000000
    1    2
  0.00000000  -0.08725583    -0.00000000  -0.06299371     0.17312133   0.00000000
 -0.00000000  -0.06299371     0.00000000  -0.09414693    -0.02753698   0.00000000
  0.17312133   0.00000000    -0.02753698   0.00000000     0.00000000  -0.09015272
    2    1
  0.00000000   0.08725583    -0.00000000   0.06299371     0.17312133  -0.00000000
 -0.00000000   0.06299371     0.00000000   0.09414693    -0.02753698   0.00000000
  0.17312133  -0.00000000    -0.02753698   0.00000000     0.00000000   0.09015272
    2    2
  0.25205434   0.00000000    -0.00473841   0.00000000     0.00000000  -0.00004670
 -0.00473841   0.00000000     0.31750290   0.00000000     0.00000000   0.01268370
  0.00000000   0.00004670     0.00000000  -0.01268370     0.25997379   0.00000000

     Dynamical  Matrix in cartesian axes

     q = (   -0.250000000   1.000000000   0.750000000 ) 

    1    1
  0.31750290   0.00000000     0.00000000   0.01268370    -0.00473841   0.00000000
  0.00000000  -0.01268370     0.25997379   0.00000000     0.00000000   0.00004670
 -0.00473841   0.00000000     0.00000000  -0.00004670     0.25205434   0.00000000
    1    2
 -0.00000000  -0.09414693     0.02753698   0.00000000    -0.00000000  -0.06299371
  0.02753698  -0.00000000    -0.00000000  -0.09015272    -0.17312133  -0.00000000
 -0.00000000  -0.06299371    -0.17312133  -0.00000000    -0.00000000  -0.08725583
    2    1
  0.00000000   0.09414693     0.02753698  -0.00000000     0.00000000   0.06299371
  0.02753698   0.00000000     0.00000000   0.09015272    -0.17312133   0.00000000
  0.00000000   0.06299371    -0.17312133   0.00000000     0.00000000   0.08725583
    2    2
  0.31750290   0.00000000     0.00000000  -0.01268370    -0.00473841   0.00000000
  0.00000000   0.01268370     0.25997379   0.00000000     0.00000000  -0.00004670
 -0.00473841   0.00000000     0.00000000   0.00004670     0.25205434   0.00000000

     Dynamical  Matrix in cartesian axes

     q = (    0.250000000   1.000000000  -0.750000000 ) 

    1    1
  0.31750290   0.00000000     0.00000000  -0.01268370    -0.00473841   0.00000000
  0.00000000   0.01268370     0.25997379   0.00000000     0.00000000  -0.00004670
 -0.00473841   0.00000000     0.00000000   0.00004670     0.25205434   0.00000000
    1    2
  0.00000000   0.09414693     0.02753698  -0.00000000     0.00000000   0.06299371
  0.02753698   0.00000000     0.00000000   0.09015272    -0.17312133   0.00000000
  0.00000000   0.06299371    -0.17312133   0.00000000     0.00000000   0.08725583
    2    1
 -0.00000000  -0.09414693     0.02753698   0.00000000    -0.00000000  -0.06299371
  0.02753698  -0.00000000    -0.00000000  -0.09015272    -0.17312133  -0.00000000
 -0.00000000  -0.06299371    -0.17312133  -0.00000000    -0.00000000  -0.08725583
    2    2
  0.31750290   0.00000000     0.00000000   0.01268370    -0.00473841   0.00000000
  0.00000000  -0.01268370     0.25997379   0.00000000     0.00000000   0.00004670
 -0.00473841   0.00000000     0.00000000  -0.00004670     0.25205434   0.00000000

     Dynamical  Matrix in cartesian axes

     q = (   -0.250000000  -1.000000000  -0.750000000 ) 

    1    1
  0.31750290   0.00000000     0.00000000  -0.01268370     0.00473841  -0.00000000
  0.00000000   0.01268370     0.25997379   0.00000000     0.00000000   0.00004670
  0.00473841   0.00000000     0.00000000  -0.00004670     0.25205434   0.00000000
    1    2
 -0.06657193  -0.06657193    -0.01947158   0.01947158     0.04454328   0.04454328
 -0.01947158   0.01947158    -0.06374760  -0.06374760    -0.12241527   0.12241527
  0.04454328   0.04454328    -0.12241527   0.12241527    -0.06169919  -0.06169919
    2    1
 -0.06657193   0.06657193    -0.01947158  -0.01947158     0.04454328  -0.04454328
 -0.01947158  -0.01947158    -0.06374760   0.06374760    -0.12241527  -0.12241527
  0.04454328  -0.04454328    -0.12241527  -0.12241527    -0.06169919   0.06169919
    2    2
  0.31750290   0.00000000     0.00000000   0.01268370     0.00473841  -0.00000000
  0.00000000  -0.01268370     0.25997379   0.00000000     0.00000000  -0.00004670
  0.00473841   0.00000000     0.00000000   0.00004670     0.25205434   0.00000000

     Dynamical  Matrix in cartesian axes

     q = (   -0.250000000   0.750000000  -1.000000000 ) 

    1    1
  0.31750290   0.00000000    -0.00473841   0.00000000     0.00000000   0.01268370
 -0.00473841   0.00000000     0.25205434   0.00000000     0.00000000  -0.00004670
  0.00000000  -0.01268370     0.00000000   0.00004670     0.25997379   0.00000000
    1    2
  0.00000000  -0.09414693    -0.00000000  -0.06299371     0.02753698   0.00000000
 -0.00000000  -0.06299371     0.00000000  -0.08725583    -0.17312133  -0.00000000
  0.02753698  -0.00000000    -0.17312133  -0.00000000     0.00000000  -0.09015272
    2    1
  0.00000000   0.09414693    -0.00000000   0.06299371     0.02753698  -0.00000000
 -0.00000000   0.06299371     0.00000000   0.08725583    -0.17312133   0.00000000
  0.02753698   0.00000000    -0.17312133   0.00000000     0.00000000   0.09015272
    2    2
  0.31750290   0.00000000    -0.00473841   0.00000000     0.00000000  -0.01268370
 -0.00473841   0.00000000     0.25205434   0.00000000     0.00000000   0.00004670
  0.00000000   0.01268370     0.00000000  -0.00004670     0.25997379   0.00000000

     Dynamical  Matrix in cartesian axes

     q = (    1.000000000   0.750000000  -0.250000000 ) 

    1    1
  0.25997379   0.00000000     0.00000000   0.00004670     0.00000000  -0.01268370
  0.00000000  -0.00004670     0.25205434   0.00000000    -0.00473841   0.00000000
  0.00000000   0.01268370    -0.00473841   0.00000000     0.31750290   0.00000000
    1    2
 -0.06374760   0.06374760     0.12241527   0.12241527    -0.01947158  -0.01947158
  0.12241527   0.12241527    -0.06169919   0.06169919    -0.04454328   0.04454328
 -0.01947158  -0.01947158    -0.04454328   0.04454328    -0.06657193   0.06657193
    2    1
 -0.06374760  -0.06374760     0.12241527  -0.12241527    -0.01947158   0.01947158
  0.12241527  -0.12241527    -0.06169919  -0.06169919    -0.04454328  -0.04454328
 -0.01947158   0.01947158    -0.04454328  -0.04454328    -0.06657193  -0.06657193
    2    2
  0.25997379   0.00000000     0.00000000  -0.00004670     0.00000000   0.01268370
  0.00000000   0.00004670     0.25205434   0.00000000    -0.00473841   0.00000000
  0.00000000  -0.01268370    -0.00473841   0.00000000     0.31750290   0.00000000

     Dynamical  Matrix in cartesian axes

     q = (   -1.000000000  -0.750000000  -0.250000000 ) 

    1    1
  0.25997379   0.00000000     0.00000000   0.00004670     0.00000000   0.01268370
  0.00000000  -0.00004670     0.25205434   0.00000000     0.00473841   0.00000000
  0.00000000  -0.01268370     0.00473841   0.00000000     0.31750290   0.00000000
    1    2
  0.00000000   0.09015272     0.17312133  -0.00000000     0.02753698   0.00000000
  0.17312133   0.00000000     0.00000000   0.08725583     0.00000000  -0.06299371
  0.02753698   0.00000000     0.00000000  -0.06299371     0.00000000   0.09414693
    2    1
  0.00000000  -0.09015272     0.17312133   0.00000000     0.02753698  -0.00000000
  0.17312133   0.00000000     0.00000000  -0.08725583     0.00000000   0.06299371
  0.02753698  -0.00000000     0.00000000   0.06299371     0.00000000  -0.09414693
    2    2
  0.25997379   0.00000000     0.00000000  -0.00004670     0.00000000  -0.01268370
  0.00000000   0.00004670     0.25205434   0.00000000     0.00473841   0.00000000
  0.00000000   0.01268370     0.00473841   0.00000000     0.31750290   0.00000000

     Dynamical  Matrix in cartesian axes

     q = (   -1.000000000   0.750000000   0.250000000 ) 

    1    1
  0.25997379   0.00000000     0.00000000  -0.00004670     0.00000000  -0.01268370
  0.00000000   0.00004670     0.25205434   0.00000000     0.00473841   0.00000000
  0.00000000   0.01268370     0.00473841   0.00000000     0.31750290   0.00000000
    1    2
  0.00000000  -0.09015272     0.17312133   0.00000000     0.02753698  -0.00000000
  0.17312133   0.00000000     0.00000000  -0.08725583     0.00000000   0.06299371
  0.02753698  -0.00000000     0.00000000   0.06299371     0.00000000  -0.09414693
    2    1
  0.00000000   0.09015272     0.17312133  -0.00000000     0.02753698   0.00000000
  0.17312133   0.00000000     0.00000000   0.08725583     0.00000000  -0.06299371
  0.02753698   0.00000000     0.00000000  -0.06299371     0.00000000   0.09414693
    2    2
  0.25997379   0.00000000     0.00000000   0.00004670     0.00000000   0.01268370
  0.00000000  -0.00004670     0.25205434   0.00000000     0.00473841   0.00000000
  0.00000000  -0.01268370     0.00473841   0.00000000     0.31750290   0.00000000

     Dynamical  Matrix in cartesian axes

     q = (    0.250000000  -0.750000000   1.000000000 ) 

    1    1
  0.31750290   0.00000000    -0.00473841   0.00000000     0.00000000  -0.01268370
 -0.00473841   0.00000000     0.25205434   0.00000000     0.00000000   0.00004670
  0.00000000   0.01268370     0.00000000  -0.00004670     0.25997379   0.00000000
    1    2
  0.00000000   0.09414693    -0.00000000   0.06299371     0.02753698  -0.00000000
 -0.00000000   0.06299371     0.00000000   0.08725583    -0.17312133   0.00000000
  0.02753698   0.00000000    -0.17312133   0.00000000     0.00000000   0.09015272
    2    1
  0.00000000  -0.09414693    -0.00000000  -0.06299371     0.02753698   0.00000000
 -0.00000000  -0.06299371     0.00000000  -0.08725583    -0.17312133  -0.00000000
  0.02753698  -0.00000000    -0.17312133  -0.00000000     0.00000000  -0.09015272
    2    2
  0.31750290   0.00000000    -0.00473841   0.00000000     0.00000000   0.01268370
 -0.00473841   0.00000000     0.25205434   0.00000000     0.00000000  -0.00004670
  0.00000000  -0.01268370     0.00000000   0.00004670     0.25997379   0.00000000

     Dynamical  Matrix in cartesian axes

     q = (    0.250000000  -1.000000000   0.750000000 ) 

    1    1
  0.31750290   0.00000000     0.00000000   0.01268370     0.00473841  -0.00000000
  0.00000000  -0.01268370     0.25997379   0.00000000     0.00000000  -0.00004670
  0.00473841   0.00000000     0.00000000   0.00004670     0.25205434   0.00000000
    1    2
 -0.06657193   0.06657193    -0.01947158  -0.01947158     0.04454328  -0.04454328
 -0.01947158  -0.01947158    -0.06374760   0.06374760    -0.12241527  -0.12241527
  0.04454328  -0.04454328    -0.12241527  -0.12241527    -0.06169919   0.06169919
    2    1
 -0.06657193  -0.06657193    -0.01947158   0.01947158     0.04454328   0.04454328
 -0.01947158   0.01947158    -0.06374760  -0.06374760    -0.12241527   0.12241527
  0.04454328   0.04454328    -0.12241527   0.12241527    -0.06169919  -0.06169919
    2    2
  0.31750290   0.00000000     0.00000000  -0.01268370     0.00473841  -0.00000000
  0.00000000   0.01268370     0.25997379   0.00000000     0.00000000   0.00004670
  0.00473841   0.00000000     0.00000000  -0.00004670     0.25205434   0.00000000

     Dynamical  Matrix in cartesian axes

     q = (    0.750000000  -1.000000000   0.250000000 ) 

    1    1
  0.25205434   0.00000000     0.00000000   0.00004670     0.00473841   0.00000000
  0.00000000  -0.00004670     0.25997379   0.00000000     0.00000000  -0.01268370
  0.00473841  -0.00000000     0.00000000   0.01268370     0.31750290   0.00000000
    1    2
 -0.06169919  -0.06169919     0.12241527  -0.12241527     0.04454328   0.04454328
  0.12241527  -0.12241527    -0.06374760  -0.06374760     0.01947158  -0.01947158
  0.04454328   0.04454328     0.01947158  -0.01947158    -0.06657193  -0.06657193
    2    1
 -0.06169919   0.06169919     0.12241527   0.12241527     0.04454328  -0.04454328
  0.12241527   0.12241527    -0.06374760   0.06374760     0.01947158   0.01947158
  0.04454328  -0.04454328     0.01947158   0.01947158    -0.06657193   0.06657193
    2    2
  0.25205434   0.00000000     0.00000000  -0.00004670     0.00473841   0.00000000
  0.00000000   0.00004670     0.25997379   0.00000000     0.00000000   0.01268370
  0.00473841  -0.00000000     0.00000000  -0.01268370     0.31750290   0.00000000

     Dynamical  Matrix in cartesian axes

     q = (    0.250000000   0.750000000   1.000000000 ) 

    1    1
  0.31750290   0.00000000     0.00473841  -0.00000000     0.00000000   0.01268370
  0.00473841  -0.00000000     0.25205434   0.00000000     0.00000000   0.00004670
  0.00000000  -0.01268370     0.00000000  -0.00004670     0.25997379   0.00000000
    1    2
 -0.06657193   0.06657193     0.04454328  -0.04454328    -0.01947158  -0.01947158
  0.04454328  -0.04454328    -0.06169919   0.06169919    -0.12241527  -0.12241527
 -0.01947158  -0.01947158    -0.12241527  -0.12241527    -0.06374760   0.06374760
    2    1
 -0.06657193  -0.06657193     0.04454328   0.04454328    -0.01947158   0.01947158
  0.04454328   0.04454328    -0.06169919  -0.06169919    -0.12241527   0.12241527
 -0.01947158   0.01947158    -0.12241527   0.12241527    -0.06374760  -0.06374760
    2    2
  0.31750290   0.00000000     0.00473841  -0.00000000     0.00000000  -0.01268370
  0.00473841  -0.00000000     0.25205434   0.00000000     0.00000000  -0.00004670
  0.00000000   0.01268370     0.00000000   0.00004670     0.25997379   0.00000000

     Dynamical  Matrix in cartesian axes

     q = (   -0.250000000  -0.750000000  -1.000000000 ) 

    1    1
  0.31750290   0.00000000     0.00473841  -0.00000000     0.00000000  -0.01268370
  0.00473841  -0.00000000     0.25205434   0.00000000     0.00000000  -0.00004670
  0.00000000   0.01268370     0.00000000   0.00004670     0.25997379   0.00000000
    1    2
 -0.06657193  -0.06657193     0.04454328   0.04454328    -0.01947158   0.01947158
  0.04454328   0.04454328    -0.06169919  -0.06169919    -0.12241527   0.12241527
 -0.01947158   0.01947158    -0.12241527   0.12241527    -0.06374760  -0.06374760
    2    1
 -0.06657193   0.06657193     0.04454328  -0.04454328    -0.01947158  -0.01947158
  0.04454328  -0.04454328    -0.06169919   0.06169919    -0.12241527  -0.12241527
 -0.01947158  -0.01947158    -0.12241527  -0.12241527    -0.06374760   0.06374760
    2    2
  0.31750290   0.00000000     0.00473841  -0.00000000     0.00000000   0.01268370
  0.00473841  -0.00000000     0.25205434   0.00000000     0.00000000   0.00004670
  0.00000000  -0.01268370     0.00000000  -0.00004670     0.25997379   0.00000000

     Dynamical  Matrix in cartesian axes

     q = (   -0.750000000  -1.000000000   0.250000000 ) 

    1    1
  0.25205434   0.00000000     0.00000000   0.00004670    -0.00473841   0.00000000
  0.00000000  -0.00004670     0.25997379   0.00000000     0.00000000   0.01268370
 -0.00473841   0.00000000     0.00000000  -0.01268370     0.31750290   0.00000000
    1    2
  0.00000000  -0.08725583     0.17312133   0.00000000     0.00000000  -0.06299371
  0.17312133   0.00000000     0.00000000  -0.09015272    -0.02753698   0.00000000
  0.00000000  -0.06299371    -0.02753698   0.00000000     0.00000000  -0.09414693
    2    1
  0.00000000   0.08725583     0.17312133  -0.00000000     0.00000000   0.06299371
  0.17312133  -0.00000000     0.00000000   0.09015272    -0.02753698   0.00000000
  0.00000000   0.06299371    -0.02753698   0.00000000     0.00000000   0.09414693
    2    2
  0.25205434   0.00000000     0.00000000  -0.00004670    -0.00473841   0.00000000
  0.00000000   0.00004670     0.25997379   0.00000000     0.00000000  -0.01268370
 -0.00473841   0.00000000     0.00000000   0.01268370     0.31750290   0.00000000

     Dynamical  Matrix in cartesian axes

     q = (    1.000000000  -0.750000000   0.250000000 ) 

    1    1
  0.25997379   0.00000000     0.00000000  -0.00004670     0.00000000   0.01268370
  0.00000000   0.00004670     0.25205434   0.00000000    -0.00473841   0.00000000
  0.00000000  -0.01268370    -0.00473841   0.00000000     0.31750290   0.00000000
    1    2
 -0.06374760  -0.06374760     0.12241527  -0.12241527    -0.01947158   0.01947158
  0.12241527  -0.12241527    -0.06169919  -0.06169919    -0.04454328  -0.04454328
 -0.01947158   0.01947158    -0.04454328  -0.04454328    -0.06657193  -0.06657193
    2    1
 -0.06374760   0.06374760     0.12241527   0.12241527    -0.01947158  -0.01947158
  0.12241527   0.12241527    -0.06169919   0.06169919    -0.04454328   0.04454328
 -0.01947158  -0.01947158    -0.04454328   0.04454328    -0.06657193   0.06657193
    2    2
  0.25997379   0.00000000     0.00000000   0.00004670     0.00000000  -0.01268370
  0.00000000  -0.00004670     0.25205434   0.00000000    -0.00473841   0.00000000
  0.00000000   0.01268370    -0.00473841   0.00000000     0.31750290   0.00000000

     Dynamical  Matrix in cartesian axes

     q = (    0.750000000   1.000000000  -0.250000000 ) 

    1    1
  0.25205434   0.00000000     0.00000000  -0.00004670    -0.00473841   0.00000000
  0.00000000   0.00004670     0.25997379   0.00000000     0.00000000  -0.01268370
 -0.00473841   0.00000000     0.00000000   0.01268370     0.31750290   0.00000000
    1    2
  0.00000000   0.08725583     0.17312133  -0.00000000     0.00000000   0.06299371
  0.17312133  -0.00000000     0.00000000   0.09015272    -0.02753698   0.00000000
  0.00000000   0.06299371    -0.02753698   0.00000000     0.00000000   0.09414693
    2    1
  0.00000000  -0.08725583     0.17312133   0.00000000     0.00000000  -0.06299371
  0.17312133   0.00000000     0.00000000  -0.09015272    -0.02753698   0.00000000
  0.00000000  -0.06299371    -0.02753698   0.00000000     0.00000000  -0.09414693
    2    2
  0.25205434   0.00000000     0.00000000   0.00004670    -0.00473841   0.00000000
  0.00000000  -0.00004670     0.25997379   0.00000000     0.00000000   0.01268370
 -0.00473841   0.00000000     0.00000000  -0.01268370     0.31750290   0.00000000

     Dynamical  Matrix in cartesian axes

     q = (   -0.750000000  -1.000000000  -0.250000000 ) 

    1    1
  0.25205434   0.00000000     0.00000000  -0.00004670     0.00473841   0.00000000
  0.00000000   0.00004670     0.25997379   0.00000000     0.00000000   0.01268370
  0.00473841  -0.00000000     0.00000000  -0.01268370     0.31750290   0.00000000
    1    2
 -0.06169919   0.06169919     0.12241527   0.12241527     0.04454328  -0.04454328
  0.12241527   0.12241527    -0.06374760   0.06374760     0.01947158   0.01947158
  0.04454328  -0.04454328     0.01947158   0.01947158    -0.06657193   0.06657193
    2    1
 -0.06169919  -0.06169919     0.12241527  -0.12241527     0.04454328   0.04454328
  0.12241527  -0.12241527    -0.06374760  -0.06374760     0.01947158  -0.01947158
  0.04454328   0.04454328     0.01947158  -0.01947158    -0.06657193  -0.06657193
    2    2
  0.25205434   0.00000000     0.00000000   0.00004670     0.00473841   0.00000000
  0.00000000  -0.00004670     0.25997379   0.00000000     0.00000000  -0.01268370
  0.00473841  -0.00000000     0.00000000   0.01268370     0.31750290   0.00000000

     Diagonalizing the dynamical matrix

     q = (    0.750000000  -0.250000000   1.000000000 ) 

 **************************************************************************
     freq (    1) =       4.700366 [THz] =     156.787340 [cm-1]
 ( -0.604362  0.000000 -0.161787  0.000000  0.000000  0.329501 ) 
 ( -0.000000 -0.604362 -0.000000 -0.161787  0.329501  0.000000 ) 
     freq (    2) =       4.886648 [THz] =     163.001033 [cm-1]
 (  0.379220  0.000000 -0.086893  0.000000  0.000000  0.590459 ) 
 ( -0.000000 -0.379220 -0.000000  0.086893 -0.590459  0.000000 ) 
     freq (    3) =       9.482705 [THz] =     316.308979 [cm-1]
 (  0.042396 -0.000000 -0.661239  0.000000 -0.000000 -0.246911 ) 
 (  0.000000  0.042396 -0.000000 -0.661239 -0.246911  0.000000 ) 
     freq (    4) =      12.811230 [THz] =     427.336637 [cm-1]
 ( -0.302671  0.000000  0.574936 -0.000000  0.000000  0.278998 ) 
 (  0.000000  0.302671 -0.000000 -0.574936 -0.278998  0.000000 ) 
     freq (    5) =      14.146806 [THz] =     471.886641 [cm-1]
 (  0.364621 -0.000000 -0.191279 -0.000000 -0.000000  0.574860 ) 
 ( -0.000000  0.364621 -0.000000 -0.191279  0.574860  0.000000 ) 
     freq (    6) =      14.188087 [THz] =     473.263655 [cm-1]
 (  0.514376  0.000000  0.402366  0.000000  0.000000 -0.271143 ) 
 (  0.000000 -0.514376  0.000000 -0.402366  0.271143  0.000000 ) 
 **************************************************************************
