Dynamical matrix file
default                                                                    
  1    2   2  10.2273000   0.0000000   0.0000000   0.0000000   0.0000000   0.0000000
           1  'Si  '    25598.3672898282     
    1    1     -0.2500000000      0.2500000000      0.2500000000
    2    1     -0.5000000000      0.5000000000      0.5000000000

     Dynamical  Matrix in cartesian axes

     q = (   -0.125000000   0.625000000  -0.125000000 ) 

    1    1
  0.25627502   0.00000000    -0.00397185  -0.00587589     0.00234436   0.00000000
 -0.00397185   0.00587589     0.32189335   0.00000000    -0.00397185   0.00587589
  0.00234436   0.00000000    -0.00397185  -0.00587589     0.25627502   0.00000000
    1    2
 -0.08268334   0.10805640    -0.03235310   0.01250828     0.13630922   0.08382026
 -0.03235310   0.01250828    -0.09569773   0.11252618    -0.03235310   0.01250828
  0.13630922   0.08382026    -0.03235310   0.01250828    -0.08268334   0.10805640
    2    1
 -0.08268334  -0.10805640    -0.03235310  -0.01250828     0.13630922  -0.08382026
 -0.03235310  -0.01250828    -0.09569773  -0.11252618    -0.03235310  -0.01250828
  0.13630922  -0.08382026    -0.03235310  -0.01250828    -0.08268334  -0.10805640
    2    2
  0.25627502   0.00000000    -0.00397185   0.00587589     0.00234436   0.00000000
 -0.00397185  -0.00587589     0.32189335   0.00000000    -0.00397185  -0.00587589
  0.00234436   0.00000000    -0.00397185   0.00587589     0.25627502   0.00000000

     Dynamical  Matrix in cartesian axes

     q = (    0.125000000   0.625000000  -0.125000000 ) 

    1    1
  0.25627502   0.00000000     0.00397185  -0.00587589    -0.00234436   0.00000000
  0.00397185   0.00587589     0.32189335   0.00000000    -0.00397185  -0.00587589
 -0.00234436   0.00000000    -0.00397185   0.00587589     0.25627502   0.00000000
    1    2
 -0.10805640   0.08268334     0.01250828  -0.03235310     0.08382026   0.13630922
  0.01250828  -0.03235310    -0.11252618   0.09569773    -0.01250828   0.03235310
  0.08382026   0.13630922    -0.01250828   0.03235310    -0.10805640   0.08268334
    2    1
 -0.10805640  -0.08268334     0.01250828   0.03235310     0.08382026  -0.13630922
  0.01250828   0.03235310    -0.11252618  -0.09569773    -0.01250828  -0.03235310
  0.08382026  -0.13630922    -0.01250828  -0.03235310    -0.10805640  -0.08268334
    2    2
  0.25627502   0.00000000     0.00397185   0.00587589    -0.00234436   0.00000000
  0.00397185  -0.00587589     0.32189335   0.00000000    -0.00397185   0.00587589
 -0.00234436   0.00000000    -0.00397185  -0.00587589     0.25627502   0.00000000

     Dynamical  Matrix in cartesian axes

     q = (    0.125000000   0.625000000   0.125000000 ) 

    1    1
  0.25627502   0.00000000     0.00397185   0.00587589     0.00234436   0.00000000
  0.00397185  -0.00587589     0.32189335   0.00000000     0.00397185  -0.00587589
  0.00234436   0.00000000     0.00397185   0.00587589     0.25627502   0.00000000
    1    2
 -0.08268334   0.10805640     0.03235310  -0.01250828     0.13630922   0.08382026
  0.03235310  -0.01250828    -0.09569773   0.11252618     0.03235310  -0.01250828
  0.13630922   0.08382026     0.03235310  -0.01250828    -0.08268334   0.10805640
    2    1
 -0.08268334  -0.10805640     0.03235310   0.01250828     0.13630922  -0.08382026
  0.03235310   0.01250828    -0.09569773  -0.11252618     0.03235310   0.01250828
  0.13630922  -0.08382026     0.03235310   0.01250828    -0.08268334  -0.10805640
    2    2
  0.25627502   0.00000000     0.00397185  -0.00587589     0.00234436   0.00000000
  0.00397185   0.00587589     0.32189335   0.00000000     0.00397185   0.00587589
  0.00234436   0.00000000     0.00397185  -0.00587589     0.25627502   0.00000000

     Dynamical  Matrix in cartesian axes

     q = (   -0.125000000   0.625000000   0.125000000 ) 

    1    1
  0.25627502   0.00000000    -0.00397185   0.00587589    -0.00234436   0.00000000
 -0.00397185  -0.00587589     0.32189335   0.00000000     0.00397185   0.00587589
 -0.00234436   0.00000000     0.00397185  -0.00587589     0.25627502   0.00000000
    1    2
 -0.01794147   0.13487337     0.01403241   0.03172178     0.15565505   0.03711530
  0.01403241   0.03172178    -0.01189952   0.14723654    -0.01403241  -0.03172178
  0.15565505   0.03711530    -0.01403241  -0.03172178    -0.01794147   0.13487337
    2    1
 -0.01794147  -0.13487337     0.01403241  -0.03172178     0.15565505  -0.03711530
  0.01403241  -0.03172178    -0.01189952  -0.14723654    -0.01403241   0.03172178
  0.15565505  -0.03711530    -0.01403241   0.03172178    -0.01794147  -0.13487337
    2    2
  0.25627502   0.00000000    -0.00397185  -0.00587589    -0.00234436   0.00000000
 -0.00397185   0.00587589     0.32189335   0.00000000     0.00397185  -0.00587589
 -0.00234436   0.00000000     0.00397185   0.00587589     0.25627502   0.00000000

     Dynamical  Matrix in cartesian axes

     q = (    0.125000000  -0.625000000   0.125000000 ) 

    1    1
  0.25627502   0.00000000    -0.00397185   0.00587589     0.00234436   0.00000000
 -0.00397185  -0.00587589     0.32189335   0.00000000    -0.00397185  -0.00587589
  0.00234436   0.00000000    -0.00397185   0.00587589     0.25627502   0.00000000
    1    2
 -0.08268334  -0.10805640    -0.03235310  -0.01250828     0.13630922  -0.08382026
 -0.03235310  -0.01250828    -0.09569773  -0.11252618    -0.03235310  -0.01250828
  0.13630922  -0.08382026    -0.03235310  -0.01250828    -0.08268334  -0.10805640
    2    1
 -0.08268334   0.10805640    -0.03235310   0.01250828     0.13630922   0.08382026
 -0.03235310   0.01250828    -0.09569773   0.11252618    -0.03235310   0.01250828
  0.13630922   0.08382026    -0.03235310   0.01250828    -0.08268334   0.10805640
    2    2
  0.25627502   0.00000000    -0.00397185  -0.00587589     0.00234436   0.00000000
 -0.00397185   0.00587589     0.32189335   0.00000000    -0.00397185   0.00587589
  0.00234436   0.00000000    -0.00397185  -0.00587589     0.25627502   0.00000000

     Dynamical  Matrix in cartesian axes

     q = (    0.625000000  -0.125000000   0.125000000 ) 

    1    1
  0.32189335   0.00000000    -0.00397185  -0.00587589     0.00397185   0.00587589
 -0.00397185   0.00587589     0.25627502   0.00000000    -0.00234436   0.00000000
  0.00397185  -0.00587589    -0.00234436   0.00000000     0.25627502   0.00000000
    1    2
 -0.09569773  -0.11252618    -0.03235310  -0.01250828     0.03235310   0.01250828
 -0.03235310  -0.01250828    -0.08268334  -0.10805640    -0.13630922   0.08382026
  0.03235310   0.01250828    -0.13630922   0.08382026    -0.08268334  -0.10805640
    2    1
 -0.09569773   0.11252618    -0.03235310   0.01250828     0.03235310  -0.01250828
 -0.03235310   0.01250828    -0.08268334   0.10805640    -0.13630922  -0.08382026
  0.03235310  -0.01250828    -0.13630922  -0.08382026    -0.08268334   0.10805640
    2    2
  0.32189335   0.00000000    -0.00397185   0.00587589     0.00397185  -0.00587589
 -0.00397185  -0.00587589     0.25627502   0.00000000    -0.00234436   0.00000000
  0.00397185   0.00587589    -0.00234436   0.00000000     0.25627502   0.00000000

     Dynamical  Matrix in cartesian axes

     q = (    0.125000000  -0.125000000   0.625000000 ) 

    1    1
  0.25627502   0.00000000    -0.00234436   0.00000000     0.00397185  -0.00587589
 -0.00234436   0.00000000     0.25627502   0.00000000    -0.00397185   0.00587589
  0.00397185   0.00587589    -0.00397185  -0.00587589     0.32189335   0.00000000
    1    2
 -0.10805640   0.08268334     0.08382026   0.13630922     0.01250828  -0.03235310
  0.08382026   0.13630922    -0.10805640   0.08268334    -0.01250828   0.03235310
  0.01250828  -0.03235310    -0.01250828   0.03235310    -0.11252618   0.09569773
    2    1
 -0.10805640  -0.08268334     0.08382026  -0.13630922     0.01250828   0.03235310
  0.08382026  -0.13630922    -0.10805640  -0.08268334    -0.01250828  -0.03235310
  0.01250828   0.03235310    -0.01250828  -0.03235310    -0.11252618  -0.09569773
    2    2
  0.25627502   0.00000000    -0.00234436   0.00000000     0.00397185   0.00587589
 -0.00234436   0.00000000     0.25627502   0.00000000    -0.00397185  -0.00587589
  0.00397185  -0.00587589    -0.00397185   0.00587589     0.32189335   0.00000000

     Dynamical  Matrix in cartesian axes

     q = (   -0.125000000  -0.625000000  -0.125000000 ) 

    1    1
  0.25627502   0.00000000     0.00397185  -0.00587589     0.00234436   0.00000000
  0.00397185   0.00587589     0.32189335   0.00000000     0.00397185   0.00587589
  0.00234436   0.00000000     0.00397185  -0.00587589     0.25627502   0.00000000
    1    2
 -0.08268334  -0.10805640     0.03235310   0.01250828     0.13630922  -0.08382026
  0.03235310   0.01250828    -0.09569773  -0.11252618     0.03235310   0.01250828
  0.13630922  -0.08382026     0.03235310   0.01250828    -0.08268334  -0.10805640
    2    1
 -0.08268334   0.10805640     0.03235310  -0.01250828     0.13630922   0.08382026
  0.03235310  -0.01250828    -0.09569773   0.11252618     0.03235310  -0.01250828
  0.13630922   0.08382026     0.03235310  -0.01250828    -0.08268334   0.10805640
    2    2
  0.25627502   0.00000000     0.00397185   0.00587589     0.00234436   0.00000000
  0.00397185  -0.00587589     0.32189335   0.00000000     0.00397185  -0.00587589
  0.00234436   0.00000000     0.00397185   0.00587589     0.25627502   0.00000000

     Dynamical  Matrix in cartesian axes

     q = (    0.125000000  -0.625000000  -0.125000000 ) 

    1    1
  0.25627502   0.00000000    -0.00397185  -0.00587589    -0.00234436   0.00000000
 -0.00397185   0.00587589     0.32189335   0.00000000     0.00397185  -0.00587589
 -0.00234436   0.00000000     0.00397185   0.00587589     0.25627502   0.00000000
    1    2
 -0.01794147  -0.13487337     0.01403241  -0.03172178     0.15565505  -0.03711530
  0.01403241  -0.03172178    -0.01189952  -0.14723654    -0.01403241   0.03172178
  0.15565505  -0.03711530    -0.01403241   0.03172178    -0.01794147  -0.13487337
    2    1
 -0.01794147   0.13487337     0.01403241   0.03172178     0.15565505   0.03711530
  0.01403241   0.03172178    -0.01189952   0.14723654    -0.01403241  -0.03172178
  0.15565505   0.03711530    -0.01403241  -0.03172178    -0.01794147   0.13487337
    2    2
  0.25627502   0.00000000    -0.00397185   0.00587589    -0.00234436   0.00000000
 -0.00397185  -0.00587589     0.32189335   0.00000000     0.00397185   0.00587589
 -0.00234436   0.00000000     0.00397185  -0.00587589     0.25627502   0.00000000

     Dynamical  Matrix in cartesian axes

     q = (   -0.125000000  -0.625000000   0.125000000 ) 

    1    1
  0.25627502   0.00000000     0.00397185   0.00587589    -0.00234436   0.00000000
  0.00397185  -0.00587589     0.32189335   0.00000000    -0.00397185   0.00587589
 -0.00234436   0.00000000    -0.00397185  -0.00587589     0.25627502   0.00000000
    1    2
 -0.10805640  -0.08268334     0.01250828   0.03235310     0.08382026  -0.13630922
  0.01250828   0.03235310    -0.11252618  -0.09569773    -0.01250828  -0.03235310
  0.08382026  -0.13630922    -0.01250828  -0.03235310    -0.10805640  -0.08268334
    2    1
 -0.10805640   0.08268334     0.01250828  -0.03235310     0.08382026   0.13630922
  0.01250828  -0.03235310    -0.11252618   0.09569773    -0.01250828   0.03235310
  0.08382026   0.13630922    -0.01250828   0.03235310    -0.10805640   0.08268334
    2    2
  0.25627502   0.00000000     0.00397185  -0.00587589    -0.00234436   0.00000000
  0.00397185   0.00587589     0.32189335   0.00000000    -0.00397185  -0.00587589
 -0.00234436   0.00000000    -0.00397185   0.00587589     0.25627502   0.00000000

     Dynamical  Matrix in cartesian axes

     q = (    0.125000000  -0.125000000  -0.625000000 ) 

    1    1
  0.25627502   0.00000000    -0.00234436   0.00000000    -0.00397185  -0.00587589
 -0.00234436   0.00000000     0.25627502   0.00000000     0.00397185   0.00587589
 -0.00397185   0.00587589     0.00397185  -0.00587589     0.32189335   0.00000000
    1    2
 -0.01794147  -0.13487337     0.15565505  -0.03711530     0.01403241  -0.03172178
  0.15565505  -0.03711530    -0.01794147  -0.13487337    -0.01403241   0.03172178
  0.01403241  -0.03172178    -0.01403241   0.03172178    -0.01189952  -0.14723654
    2    1
 -0.01794147   0.13487337     0.15565505   0.03711530     0.01403241   0.03172178
  0.15565505   0.03711530    -0.01794147   0.13487337    -0.01403241  -0.03172178
  0.01403241   0.03172178    -0.01403241  -0.03172178    -0.01189952   0.14723654
    2    2
  0.25627502   0.00000000    -0.00234436   0.00000000    -0.00397185   0.00587589
 -0.00234436   0.00000000     0.25627502   0.00000000     0.00397185  -0.00587589
 -0.00397185  -0.00587589     0.00397185   0.00587589     0.32189335   0.00000000

     Dynamical  Matrix in cartesian axes

     q = (    0.625000000  -0.125000000  -0.125000000 ) 

    1    1
  0.32189335   0.00000000    -0.00397185   0.00587589    -0.00397185   0.00587589
 -0.00397185  -0.00587589     0.25627502   0.00000000     0.00234436   0.00000000
 -0.00397185  -0.00587589     0.00234436   0.00000000     0.25627502   0.00000000
    1    2
 -0.01189952  -0.14723654     0.01403241  -0.03172178     0.01403241  -0.03172178
  0.01403241  -0.03172178    -0.01794147  -0.13487337    -0.15565505   0.03711530
  0.01403241  -0.03172178    -0.15565505   0.03711530    -0.01794147  -0.13487337
    2    1
 -0.01189952   0.14723654     0.01403241   0.03172178     0.01403241   0.03172178
  0.01403241   0.03172178    -0.01794147   0.13487337    -0.15565505  -0.03711530
  0.01403241   0.03172178    -0.15565505  -0.03711530    -0.01794147   0.13487337
    2    2
  0.32189335   0.00000000    -0.00397185  -0.00587589    -0.00397185  -0.00587589
 -0.00397185   0.00587589     0.25627502   0.00000000     0.00234436   0.00000000
 -0.00397185   0.00587589     0.00234436   0.00000000     0.25627502   0.00000000

     Dynamical  Matrix in cartesian axes

     q = (   -0.625000000  -0.125000000   0.125000000 ) 

    1    1
  0.32189335   0.00000000     0.00397185  -0.00587589    -0.00397185   0.00587589
  0.00397185   0.00587589     0.25627502   0.00000000    -0.00234436   0.00000000
 -0.00397185  -0.00587589    -0.00234436   0.00000000     0.25627502   0.00000000
    1    2
 -0.09569773   0.11252618     0.03235310  -0.01250828    -0.03235310   0.01250828
  0.03235310  -0.01250828    -0.08268334   0.10805640    -0.13630922  -0.08382026
 -0.03235310   0.01250828    -0.13630922  -0.08382026    -0.08268334   0.10805640
    2    1
 -0.09569773  -0.11252618     0.03235310   0.01250828    -0.03235310  -0.01250828
  0.03235310   0.01250828    -0.08268334  -0.10805640    -0.13630922   0.08382026
 -0.03235310  -0.01250828    -0.13630922   0.08382026    -0.08268334  -0.10805640
    2    2
  0.32189335   0.00000000     0.00397185   0.00587589    -0.00397185  -0.00587589
  0.00397185  -0.00587589     0.25627502   0.00000000    -0.00234436   0.00000000
 -0.00397185   0.00587589    -0.00234436   0.00000000     0.25627502   0.00000000

     Dynamical  Matrix in cartesian axes

     q = (    0.625000000   0.125000000   0.125000000 ) 

    1    1
  0.32189335   0.00000000     0.00397185  -0.00587589     0.00397185  -0.00587589
  0.00397185   0.00587589     0.25627502   0.00000000     0.00234436   0.00000000
  0.00397185   0.00587589     0.00234436   0.00000000     0.25627502   0.00000000
    1    2
 -0.11252618  -0.09569773     0.01250828   0.03235310     0.01250828   0.03235310
  0.01250828   0.03235310    -0.10805640  -0.08268334    -0.08382026   0.13630922
  0.01250828   0.03235310    -0.08382026   0.13630922    -0.10805640  -0.08268334
    2    1
 -0.11252618   0.09569773     0.01250828  -0.03235310     0.01250828  -0.03235310
  0.01250828  -0.03235310    -0.10805640   0.08268334    -0.08382026  -0.13630922
  0.01250828  -0.03235310    -0.08382026  -0.13630922    -0.10805640   0.08268334
    2    2
  0.32189335   0.00000000     0.00397185   0.00587589     0.00397185   0.00587589
  0.00397185  -0.00587589     0.25627502   0.00000000     0.00234436   0.00000000
  0.00397185  -0.00587589     0.00234436   0.00000000     0.25627502   0.00000000

     Dynamical  Matrix in cartesian axes

     q = (   -0.125000000  -0.125000000   0.625000000 ) 

    1    1
  0.25627502   0.00000000     0.00234436   0.00000000    -0.00397185  -0.00587589
  0.00234436   0.00000000     0.25627502   0.00000000    -0.00397185  -0.00587589
 -0.00397185   0.00587589    -0.00397185   0.00587589     0.32189335   0.00000000
    1    2
 -0.08268334   0.10805640     0.13630922   0.08382026    -0.03235310   0.01250828
  0.13630922   0.08382026    -0.08268334   0.10805640    -0.03235310   0.01250828
 -0.03235310   0.01250828    -0.03235310   0.01250828    -0.09569773   0.11252618
    2    1
 -0.08268334  -0.10805640     0.13630922  -0.08382026    -0.03235310  -0.01250828
  0.13630922  -0.08382026    -0.08268334  -0.10805640    -0.03235310  -0.01250828
 -0.03235310  -0.01250828    -0.03235310  -0.01250828    -0.09569773  -0.11252618
    2    2
  0.25627502   0.00000000     0.00234436   0.00000000    -0.00397185   0.00587589
  0.00234436   0.00000000     0.25627502   0.00000000    -0.00397185   0.00587589
 -0.00397185  -0.00587589    -0.00397185  -0.00587589     0.32189335   0.00000000

     Dynamical  Matrix in cartesian axes

     q = (    0.125000000   0.125000000   0.625000000 ) 

    1    1
  0.25627502   0.00000000     0.00234436   0.00000000     0.00397185   0.00587589
  0.00234436   0.00000000     0.25627502   0.00000000     0.00397185   0.00587589
  0.00397185  -0.00587589     0.00397185  -0.00587589     0.32189335   0.00000000
    1    2
 -0.08268334   0.10805640     0.13630922   0.08382026     0.03235310  -0.01250828
  0.13630922   0.08382026    -0.08268334   0.10805640     0.03235310  -0.01250828
  0.03235310  -0.01250828     0.03235310  -0.01250828    -0.09569773   0.11252618
    2    1
 -0.08268334  -0.10805640     0.13630922  -0.08382026     0.03235310   0.01250828
  0.13630922  -0.08382026    -0.08268334  -0.10805640     0.03235310   0.01250828
  0.03235310   0.01250828     0.03235310   0.01250828    -0.09569773  -0.11252618
    2    2
  0.25627502   0.00000000     0.00234436   0.00000000     0.00397185  -0.00587589
  0.00234436   0.00000000     0.25627502   0.00000000     0.00397185  -0.00587589
  0.00397185   0.00587589     0.00397185   0.00587589     0.32189335   0.00000000

     Dynamical  Matrix in cartesian axes

     q = (   -0.625000000   0.125000000  -0.125000000 ) 

    1    1
  0.32189335   0.00000000    -0.00397185   0.00587589     0.00397185  -0.00587589
 -0.00397185  -0.00587589     0.25627502   0.00000000    -0.00234436   0.00000000
  0.00397185   0.00587589    -0.00234436   0.00000000     0.25627502   0.00000000
    1    2
 -0.09569773   0.11252618    -0.03235310   0.01250828     0.03235310  -0.01250828
 -0.03235310   0.01250828    -0.08268334   0.10805640    -0.13630922  -0.08382026
  0.03235310  -0.01250828    -0.13630922  -0.08382026    -0.08268334   0.10805640
    2    1
 -0.09569773  -0.11252618    -0.03235310  -0.01250828     0.03235310   0.01250828
 -0.03235310  -0.01250828    -0.08268334  -0.10805640    -0.13630922   0.08382026
  0.03235310   0.01250828    -0.13630922   0.08382026    -0.08268334  -0.10805640
    2    2
  0.32189335   0.00000000    -0.00397185  -0.00587589     0.00397185   0.00587589
 -0.00397185   0.00587589     0.25627502   0.00000000    -0.00234436   0.00000000
  0.00397185  -0.00587589    -0.00234436   0.00000000     0.25627502   0.00000000

     Dynamical  Matrix in cartesian axes

     q = (   -0.125000000   0.125000000  -0.625000000 ) 

    1    1
  0.25627502   0.00000000    -0.00234436   0.00000000     0.00397185   0.00587589
 -0.00234436   0.00000000     0.25627502   0.00000000    -0.00397185  -0.00587589
  0.00397185  -0.00587589    -0.00397185   0.00587589     0.32189335   0.00000000
    1    2
 -0.10805640  -0.08268334     0.08382026  -0.13630922     0.01250828   0.03235310
  0.08382026  -0.13630922    -0.10805640  -0.08268334    -0.01250828  -0.03235310
  0.01250828   0.03235310    -0.01250828  -0.03235310    -0.11252618  -0.09569773
    2    1
 -0.10805640   0.08268334     0.08382026   0.13630922     0.01250828  -0.03235310
  0.08382026   0.13630922    -0.10805640   0.08268334    -0.01250828   0.03235310
  0.01250828  -0.03235310    -0.01250828   0.03235310    -0.11252618   0.09569773
    2    2
  0.25627502   0.00000000    -0.00234436   0.00000000     0.00397185  -0.00587589
 -0.00234436   0.00000000     0.25627502   0.00000000    -0.00397185   0.00587589
  0.00397185   0.00587589    -0.00397185  -0.00587589     0.32189335   0.00000000

     Dynamical  Matrix in cartesian axes

     q = (   -0.625000000  -0.125000000  -0.125000000 ) 

    1    1
  0.32189335   0.00000000     0.00397185   0.00587589     0.00397185   0.00587589
  0.00397185  -0.00587589     0.25627502   0.00000000     0.00234436   0.00000000
  0.00397185  -0.00587589     0.00234436   0.00000000     0.25627502   0.00000000
    1    2
 -0.11252618   0.09569773     0.01250828  -0.03235310     0.01250828  -0.03235310
  0.01250828  -0.03235310    -0.10805640   0.08268334    -0.08382026  -0.13630922
  0.01250828  -0.03235310    -0.08382026  -0.13630922    -0.10805640   0.08268334
    2    1
 -0.11252618  -0.09569773     0.01250828   0.03235310     0.01250828   0.03235310
  0.01250828   0.03235310    -0.10805640  -0.08268334    -0.08382026   0.13630922
  0.01250828   0.03235310    -0.08382026   0.13630922    -0.10805640  -0.08268334
    2    2
  0.32189335   0.00000000     0.00397185  -0.00587589     0.00397185  -0.00587589
  0.00397185   0.00587589     0.25627502   0.00000000     0.00234436   0.00000000
  0.00397185   0.00587589     0.00234436   0.00000000     0.25627502   0.00000000

     Dynamical  Matrix in cartesian axes

     q = (    0.125000000   0.125000000  -0.625000000 ) 

    1    1
  0.25627502   0.00000000     0.00234436   0.00000000    -0.00397185   0.00587589
  0.00234436   0.00000000     0.25627502   0.00000000    -0.00397185   0.00587589
 -0.00397185  -0.00587589    -0.00397185  -0.00587589     0.32189335   0.00000000
    1    2
 -0.08268334  -0.10805640     0.13630922  -0.08382026    -0.03235310  -0.01250828
  0.13630922  -0.08382026    -0.08268334  -0.10805640    -0.03235310  -0.01250828
 -0.03235310  -0.01250828    -0.03235310  -0.01250828    -0.09569773  -0.11252618
    2    1
 -0.08268334   0.10805640     0.13630922   0.08382026    -0.03235310   0.01250828
  0.13630922   0.08382026    -0.08268334   0.10805640    -0.03235310   0.01250828
 -0.03235310   0.01250828    -0.03235310   0.01250828    -0.09569773   0.11252618
    2    2
  0.25627502   0.00000000     0.00234436   0.00000000    -0.00397185  -0.00587589
  0.00234436   0.00000000     0.25627502   0.00000000    -0.00397185  -0.00587589
 -0.00397185   0.00587589    -0.00397185   0.00587589     0.32189335   0.00000000

     Dynamical  Matrix in cartesian axes

     q = (    0.625000000   0.125000000  -0.125000000 ) 

    1    1
  0.32189335   0.00000000     0.00397185   0.00587589    -0.00397185  -0.00587589
  0.00397185  -0.00587589     0.25627502   0.00000000    -0.00234436   0.00000000
 -0.00397185   0.00587589    -0.00234436   0.00000000     0.25627502   0.00000000
    1    2
 -0.09569773  -0.11252618     0.03235310   0.01250828    -0.03235310  -0.01250828
  0.03235310   0.01250828    -0.08268334  -0.10805640    -0.13630922   0.08382026
 -0.03235310  -0.01250828    -0.13630922   0.08382026    -0.08268334  -0.10805640
    2    1
 -0.09569773   0.11252618     0.03235310  -0.01250828    -0.03235310   0.01250828
  0.03235310  -0.01250828    -0.08268334   0.10805640    -0.13630922  -0.08382026
 -0.03235310   0.01250828    -0.13630922  -0.08382026    -0.08268334   0.10805640
    2    2
  0.32189335   0.00000000     0.00397185  -0.00587589    -0.00397185   0.00587589
  0.00397185   0.00587589     0.25627502   0.00000000    -0.00234436   0.00000000
 -0.00397185  -0.00587589    -0.00234436   0.00000000     0.25627502   0.00000000

     Dynamical  Matrix in cartesian axes

     q = (   -0.125000000  -0.125000000  -0.625000000 ) 

    1    1
  0.25627502   0.00000000     0.00234436   0.00000000     0.00397185  -0.00587589
  0.00234436   0.00000000     0.25627502   0.00000000     0.00397185  -0.00587589
  0.00397185   0.00587589     0.00397185   0.00587589     0.32189335   0.00000000
    1    2
 -0.08268334  -0.10805640     0.13630922  -0.08382026     0.03235310   0.01250828
  0.13630922  -0.08382026    -0.08268334  -0.10805640     0.03235310   0.01250828
  0.03235310   0.01250828     0.03235310   0.01250828    -0.09569773  -0.11252618
    2    1
 -0.08268334   0.10805640     0.13630922   0.08382026     0.03235310  -0.01250828
  0.13630922   0.08382026    -0.08268334   0.10805640     0.03235310  -0.01250828
  0.03235310  -0.01250828     0.03235310  -0.01250828    -0.09569773   0.11252618
    2    2
  0.25627502   0.00000000     0.00234436   0.00000000     0.00397185   0.00587589
  0.00234436   0.00000000     0.25627502   0.00000000     0.00397185   0.00587589
  0.00397185  -0.00587589     0.00397185  -0.00587589     0.32189335   0.00000000

     Dynamical  Matrix in cartesian axes

     q = (   -0.625000000   0.125000000   0.125000000 ) 

    1    1
  0.32189335   0.00000000    -0.00397185  -0.00587589    -0.00397185  -0.00587589
 -0.00397185   0.00587589     0.25627502   0.00000000     0.00234436   0.00000000
 -0.00397185   0.00587589     0.00234436   0.00000000     0.25627502   0.00000000
    1    2
 -0.01189952   0.14723654     0.01403241   0.03172178     0.01403241   0.03172178
  0.01403241   0.03172178    -0.01794147   0.13487337    -0.15565505  -0.03711530
  0.01403241   0.03172178    -0.15565505  -0.03711530    -0.01794147   0.13487337
    2    1
 -0.01189952  -0.14723654     0.01403241  -0.03172178     0.01403241  -0.03172178
  0.01403241  -0.03172178    -0.01794147  -0.13487337    -0.15565505   0.03711530
  0.01403241  -0.03172178    -0.15565505   0.03711530    -0.01794147  -0.13487337
    2    2
  0.32189335   0.00000000    -0.00397185   0.00587589    -0.00397185   0.00587589
 -0.00397185  -0.00587589     0.25627502   0.00000000     0.00234436   0.00000000
 -0.00397185  -0.00587589     0.00234436   0.00000000     0.25627502   0.00000000

     Dynamical  Matrix in cartesian axes

     q = (   -0.125000000   0.125000000   0.625000000 ) 

    1    1
  0.25627502   0.00000000    -0.00234436   0.00000000    -0.00397185   0.00587589
 -0.00234436   0.00000000     0.25627502   0.00000000     0.00397185  -0.00587589
 -0.00397185  -0.00587589     0.00397185   0.00587589     0.32189335   0.00000000
    1    2
 -0.01794147   0.13487337     0.15565505   0.03711530     0.01403241   0.03172178
  0.15565505   0.03711530    -0.01794147   0.13487337    -0.01403241  -0.03172178
  0.01403241   0.03172178    -0.01403241  -0.03172178    -0.01189952   0.14723654
    2    1
 -0.01794147  -0.13487337     0.15565505  -0.03711530     0.01403241  -0.03172178
  0.15565505  -0.03711530    -0.01794147  -0.13487337    -0.01403241   0.03172178
  0.01403241  -0.03172178    -0.01403241   0.03172178    -0.01189952  -0.14723654
    2    2
  0.25627502   0.00000000    -0.00234436   0.00000000    -0.00397185  -0.00587589
 -0.00234436   0.00000000     0.25627502   0.00000000     0.00397185   0.00587589
 -0.00397185   0.00587589     0.00397185  -0.00587589     0.32189335   0.00000000

     Diagonalizing the dynamical matrix

     q = (   -0.125000000   0.625000000  -0.125000000 ) 

 **************************************************************************
     freq (    1) =       3.769167 [THz] =     125.725873 [cm-1]
 (  0.496966 -0.055000 -0.000000  0.000000 -0.496966  0.055000 ) 
 (  0.500000 -0.000000 -0.000000  0.000000 -0.500000  0.000000 ) 
     freq (    2) =       4.619036 [THz] =     154.074460 [cm-1]
 ( -0.107016 -0.473296  0.087082 -0.146606 -0.107016 -0.473296 ) 
 (  0.485244 -0.000000  0.123791 -0.117270  0.485244  0.000000 ) 
     freq (    3) =       8.519918 [THz] =     284.193880 [cm-1]
 (  0.143761  0.000178 -0.308579 -0.602864  0.143761  0.000178 ) 
 ( -0.143761 -0.000000  0.309327 -0.602480 -0.143761  0.000000 ) 
     freq (    4) =      13.702923 [THz] =     457.080323 [cm-1]
 ( -0.158449 -0.329746  0.040688  0.480278 -0.158449 -0.329746 ) 
 ( -0.365840 -0.000000  0.450517 -0.171340 -0.365840  0.000000 ) 
     freq (    5) =      14.160457 [THz] =     472.342002 [cm-1]
 (  0.496966 -0.055000  0.000000 -0.000000 -0.496966  0.055000 ) 
 ( -0.500000 -0.000000 -0.000000  0.000000  0.500000  0.000000 ) 
     freq (    6) =      14.463407 [THz] =     482.447338 [cm-1]
 (  0.044102  0.328766 -0.216249  0.482878  0.044102  0.328766 ) 
 (  0.331711  0.000000  0.449840 -0.278530  0.331711  0.000000 ) 
 **************************************************************************
