Dynamical matrix file
default                                                                    
  1    2   2  10.2273000   0.0000000   0.0000000   0.0000000   0.0000000   0.0000000
           1  'Si  '    25598.3672898282     
    1    1     -0.2500000000      0.2500000000      0.2500000000
    2    1     -0.5000000000      0.5000000000      0.5000000000

     Dynamical  Matrix in cartesian axes

     q = (   -0.125000000   0.125000000  -0.125000000 ) 

    1    1
  0.28193602   0.00000000    -0.00409422  -0.00000000     0.00409422   0.00000000
 -0.00409422  -0.00000000     0.28193602   0.00000000    -0.00409422  -0.00000000
  0.00409422   0.00000000    -0.00409422  -0.00000000     0.28193602   0.00000000
    1    2
 -0.25968898   0.04756383    -0.01118050  -0.02959857     0.01118050   0.02959857
 -0.01118050  -0.02959857    -0.25968898   0.04756383    -0.01118050  -0.02959857
  0.01118050   0.02959857    -0.01118050  -0.02959857    -0.25968898   0.04756383
    2    1
 -0.25968898  -0.04756383    -0.01118050   0.02959857     0.01118050  -0.02959857
 -0.01118050   0.02959857    -0.25968898  -0.04756383    -0.01118050   0.02959857
  0.01118050  -0.02959857    -0.01118050   0.02959857    -0.25968898  -0.04756383
    2    2
  0.28193602  -0.00000000    -0.00409422   0.00000000     0.00409422  -0.00000000
 -0.00409422   0.00000000     0.28193602  -0.00000000    -0.00409422   0.00000000
  0.00409422  -0.00000000    -0.00409422   0.00000000     0.28193602  -0.00000000

     Dynamical  Matrix in cartesian axes

     q = (    0.125000000  -0.125000000  -0.125000000 ) 

    1    1
  0.28193602   0.00000000    -0.00409422  -0.00000000    -0.00409422  -0.00000000
 -0.00409422  -0.00000000     0.28193602   0.00000000     0.00409422   0.00000000
 -0.00409422  -0.00000000     0.00409422   0.00000000     0.28193602   0.00000000
    1    2
 -0.21726055  -0.14999513     0.01302355  -0.02883515     0.01302355  -0.02883515
  0.01302355  -0.02883515    -0.21726055  -0.14999513    -0.01302355   0.02883515
  0.01302355  -0.02883515    -0.01302355   0.02883515    -0.21726055  -0.14999513
    2    1
 -0.21726055   0.14999513     0.01302355   0.02883515     0.01302355   0.02883515
  0.01302355   0.02883515    -0.21726055   0.14999513    -0.01302355  -0.02883515
  0.01302355   0.02883515    -0.01302355  -0.02883515    -0.21726055   0.14999513
    2    2
  0.28193602  -0.00000000    -0.00409422   0.00000000    -0.00409422   0.00000000
 -0.00409422   0.00000000     0.28193602  -0.00000000     0.00409422  -0.00000000
 -0.00409422   0.00000000     0.00409422  -0.00000000     0.28193602  -0.00000000

     Dynamical  Matrix in cartesian axes

     q = (    0.125000000  -0.125000000   0.125000000 ) 

    1    1
  0.28193602  -0.00000000    -0.00409422   0.00000000     0.00409422  -0.00000000
 -0.00409422   0.00000000     0.28193602  -0.00000000    -0.00409422   0.00000000
  0.00409422  -0.00000000    -0.00409422   0.00000000     0.28193602  -0.00000000
    1    2
 -0.25968898  -0.04756383    -0.01118050   0.02959857     0.01118050  -0.02959857
 -0.01118050   0.02959857    -0.25968898  -0.04756383    -0.01118050   0.02959857
  0.01118050  -0.02959857    -0.01118050   0.02959857    -0.25968898  -0.04756383
    2    1
 -0.25968898   0.04756383    -0.01118050  -0.02959857     0.01118050   0.02959857
 -0.01118050  -0.02959857    -0.25968898   0.04756383    -0.01118050  -0.02959857
  0.01118050   0.02959857    -0.01118050  -0.02959857    -0.25968898   0.04756383
    2    2
  0.28193602   0.00000000    -0.00409422  -0.00000000     0.00409422   0.00000000
 -0.00409422  -0.00000000     0.28193602   0.00000000    -0.00409422  -0.00000000
  0.00409422   0.00000000    -0.00409422  -0.00000000     0.28193602   0.00000000

     Dynamical  Matrix in cartesian axes

     q = (   -0.125000000   0.125000000   0.125000000 ) 

    1    1
  0.28193602  -0.00000000    -0.00409422   0.00000000    -0.00409422   0.00000000
 -0.00409422   0.00000000     0.28193602  -0.00000000     0.00409422  -0.00000000
 -0.00409422   0.00000000     0.00409422  -0.00000000     0.28193602  -0.00000000
    1    2
 -0.21726055   0.14999513     0.01302355   0.02883515     0.01302355   0.02883515
  0.01302355   0.02883515    -0.21726055   0.14999513    -0.01302355  -0.02883515
  0.01302355   0.02883515    -0.01302355  -0.02883515    -0.21726055   0.14999513
    2    1
 -0.21726055  -0.14999513     0.01302355  -0.02883515     0.01302355  -0.02883515
  0.01302355  -0.02883515    -0.21726055  -0.14999513    -0.01302355   0.02883515
  0.01302355  -0.02883515    -0.01302355   0.02883515    -0.21726055  -0.14999513
    2    2
  0.28193602   0.00000000    -0.00409422  -0.00000000    -0.00409422  -0.00000000
 -0.00409422  -0.00000000     0.28193602   0.00000000     0.00409422   0.00000000
 -0.00409422  -0.00000000     0.00409422   0.00000000     0.28193602   0.00000000

     Dynamical  Matrix in cartesian axes

     q = (    0.125000000   0.125000000  -0.125000000 ) 

    1    1
  0.28193602  -0.00000000     0.00409422  -0.00000000    -0.00409422   0.00000000
  0.00409422  -0.00000000     0.28193602  -0.00000000    -0.00409422   0.00000000
 -0.00409422   0.00000000    -0.00409422   0.00000000     0.28193602  -0.00000000
    1    2
 -0.25968898  -0.04756383     0.01118050  -0.02959857    -0.01118050   0.02959857
  0.01118050  -0.02959857    -0.25968898  -0.04756383    -0.01118050   0.02959857
 -0.01118050   0.02959857    -0.01118050   0.02959857    -0.25968898  -0.04756383
    2    1
 -0.25968898   0.04756383     0.01118050   0.02959857    -0.01118050  -0.02959857
  0.01118050   0.02959857    -0.25968898   0.04756383    -0.01118050  -0.02959857
 -0.01118050  -0.02959857    -0.01118050  -0.02959857    -0.25968898   0.04756383
    2    2
  0.28193602   0.00000000     0.00409422   0.00000000    -0.00409422  -0.00000000
  0.00409422   0.00000000     0.28193602   0.00000000    -0.00409422  -0.00000000
 -0.00409422  -0.00000000    -0.00409422  -0.00000000     0.28193602   0.00000000

     Dynamical  Matrix in cartesian axes

     q = (   -0.125000000  -0.125000000  -0.125000000 ) 

    1    1
  0.28193602  -0.00000000     0.00409422  -0.00000000     0.00409422  -0.00000000
  0.00409422  -0.00000000     0.28193602  -0.00000000     0.00409422  -0.00000000
  0.00409422  -0.00000000     0.00409422  -0.00000000     0.28193602  -0.00000000
    1    2
 -0.25968898  -0.04756383     0.01118050  -0.02959857     0.01118050  -0.02959857
  0.01118050  -0.02959857    -0.25968898  -0.04756383     0.01118050  -0.02959857
  0.01118050  -0.02959857     0.01118050  -0.02959857    -0.25968898  -0.04756383
    2    1
 -0.25968898   0.04756383     0.01118050   0.02959857     0.01118050   0.02959857
  0.01118050   0.02959857    -0.25968898   0.04756383     0.01118050   0.02959857
  0.01118050   0.02959857     0.01118050   0.02959857    -0.25968898   0.04756383
    2    2
  0.28193602   0.00000000     0.00409422   0.00000000     0.00409422   0.00000000
  0.00409422   0.00000000     0.28193602   0.00000000     0.00409422   0.00000000
  0.00409422   0.00000000     0.00409422   0.00000000     0.28193602   0.00000000

     Dynamical  Matrix in cartesian axes

     q = (   -0.125000000  -0.125000000   0.125000000 ) 

    1    1
  0.28193602   0.00000000     0.00409422   0.00000000    -0.00409422  -0.00000000
  0.00409422   0.00000000     0.28193602   0.00000000    -0.00409422  -0.00000000
 -0.00409422  -0.00000000    -0.00409422  -0.00000000     0.28193602   0.00000000
    1    2
 -0.25968898   0.04756383     0.01118050   0.02959857    -0.01118050  -0.02959857
  0.01118050   0.02959857    -0.25968898   0.04756383    -0.01118050  -0.02959857
 -0.01118050  -0.02959857    -0.01118050  -0.02959857    -0.25968898   0.04756383
    2    1
 -0.25968898  -0.04756383     0.01118050  -0.02959857    -0.01118050   0.02959857
  0.01118050  -0.02959857    -0.25968898  -0.04756383    -0.01118050   0.02959857
 -0.01118050   0.02959857    -0.01118050   0.02959857    -0.25968898  -0.04756383
    2    2
  0.28193602  -0.00000000     0.00409422  -0.00000000    -0.00409422   0.00000000
  0.00409422  -0.00000000     0.28193602  -0.00000000    -0.00409422   0.00000000
 -0.00409422   0.00000000    -0.00409422   0.00000000     0.28193602  -0.00000000

     Dynamical  Matrix in cartesian axes

     q = (    0.125000000   0.125000000   0.125000000 ) 

    1    1
  0.28193602   0.00000000     0.00409422   0.00000000     0.00409422   0.00000000
  0.00409422   0.00000000     0.28193602   0.00000000     0.00409422   0.00000000
  0.00409422   0.00000000     0.00409422   0.00000000     0.28193602   0.00000000
    1    2
 -0.25968898   0.04756383     0.01118050   0.02959857     0.01118050   0.02959857
  0.01118050   0.02959857    -0.25968898   0.04756383     0.01118050   0.02959857
  0.01118050   0.02959857     0.01118050   0.02959857    -0.25968898   0.04756383
    2    1
 -0.25968898  -0.04756383     0.01118050  -0.02959857     0.01118050  -0.02959857
  0.01118050  -0.02959857    -0.25968898  -0.04756383     0.01118050  -0.02959857
  0.01118050  -0.02959857     0.01118050  -0.02959857    -0.25968898  -0.04756383
    2    2
  0.28193602  -0.00000000     0.00409422  -0.00000000     0.00409422  -0.00000000
  0.00409422  -0.00000000     0.28193602  -0.00000000     0.00409422  -0.00000000
  0.00409422  -0.00000000     0.00409422  -0.00000000     0.28193602  -0.00000000

     Diagonalizing the dynamical matrix

     q = (   -0.125000000   0.125000000  -0.125000000 ) 

 **************************************************************************
     freq (    1) =       1.642042 [THz] =      54.772634 [cm-1]
 ( -0.564039  0.037162 -0.180469  0.011722  0.383570 -0.025440 ) 
 ( -0.565261 -0.000247 -0.180849 -0.000247  0.384413  0.000000 ) 
     freq (    2) =       1.642042 [THz] =      54.772634 [cm-1]
 (  0.117284 -0.007558  0.547107 -0.036066  0.429823 -0.028508 ) 
 (  0.117527  0.000220  0.548295  0.000220  0.430767  0.000000 ) 
     freq (    3) =       3.554879 [THz] =     118.577997 [cm-1]
 (  0.372312 -0.167483 -0.372312  0.167483  0.372312 -0.167483 ) 
 (  0.408248  0.000000 -0.408248 -0.000000  0.408248  0.000000 ) 
     freq (    4) =      15.239693 [THz] =     508.341450 [cm-1]
 ( -0.125833  0.008474  0.423943 -0.027990  0.549776 -0.036464 ) 
 (  0.126118 -0.000128 -0.424866 -0.000128 -0.550984  0.000000 ) 
     freq (    5) =      15.239693 [THz] =     508.341450 [cm-1]
 ( -0.562199  0.036878 -0.390095  0.025464  0.172104 -0.011415 ) 
 (  0.563407  0.000408  0.390925  0.000408 -0.172482  0.000000 ) 
     freq (    6) =      15.254300 [THz] =     508.828685 [cm-1]
 (  0.372312 -0.167483 -0.372312  0.167483  0.372312 -0.167483 ) 
 ( -0.408248  0.000000  0.408248  0.000000 -0.408248  0.000000 ) 
 **************************************************************************
