Dynamical matrix file
default                                                                    
  1    2   2  10.2273000   0.0000000   0.0000000   0.0000000   0.0000000   0.0000000
           1  'Si  '    25598.3672898282     
    1    1     -0.2500000000      0.2500000000      0.2500000000
    2    1     -0.5000000000      0.5000000000      0.5000000000

     Dynamical  Matrix in cartesian axes

     q = (   -0.125000000   0.375000000  -0.125000000 ) 

    1    1
  0.26863617   0.00000000    -0.00506513  -0.00341452     0.00366979   0.00000000
 -0.00506513   0.00341452     0.29822564   0.00000000    -0.00506513   0.00341452
  0.00366979   0.00000000    -0.00506513  -0.00341452     0.26863617   0.00000000
    1    2
 -0.18153156   0.11201040    -0.03167748  -0.01307909     0.05963882   0.07798826
 -0.03167748  -0.01307909    -0.19094047   0.11402374    -0.03167748  -0.01307909
  0.05963882   0.07798826    -0.03167748  -0.01307909    -0.18153156   0.11201040
    2    1
 -0.18153156  -0.11201040    -0.03167748   0.01307909     0.05963882  -0.07798826
 -0.03167748   0.01307909    -0.19094047  -0.11402374    -0.03167748   0.01307909
  0.05963882  -0.07798826    -0.03167748   0.01307909    -0.18153156  -0.11201040
    2    2
  0.26863617  -0.00000000    -0.00506513   0.00341452     0.00366979  -0.00000000
 -0.00506513  -0.00341452     0.29822564  -0.00000000    -0.00506513  -0.00341452
  0.00366979  -0.00000000    -0.00506513   0.00341452     0.26863617  -0.00000000

     Dynamical  Matrix in cartesian axes

     q = (   -0.125000000   0.375000000   0.125000000 ) 

    1    1
  0.26863617   0.00000000    -0.00506513   0.00341452    -0.00366979   0.00000000
 -0.00506513  -0.00341452     0.29822564  -0.00000000     0.00506513   0.00341452
 -0.00366979   0.00000000     0.00506513  -0.00341452     0.26863617   0.00000000
    1    2
 -0.11201040   0.18153156     0.01307909   0.03167748     0.07798826   0.05963882
  0.01307909   0.03167748    -0.11402374   0.19094047    -0.01307909  -0.03167748
  0.07798826   0.05963882    -0.01307909  -0.03167748    -0.11201040   0.18153156
    2    1
 -0.11201040  -0.18153156     0.01307909  -0.03167748     0.07798826  -0.05963882
  0.01307909  -0.03167748    -0.11402374  -0.19094047    -0.01307909   0.03167748
  0.07798826  -0.05963882    -0.01307909   0.03167748    -0.11201040  -0.18153156
    2    2
  0.26863617   0.00000000    -0.00506513  -0.00341452    -0.00366979   0.00000000
 -0.00506513   0.00341452     0.29822564   0.00000000     0.00506513  -0.00341452
 -0.00366979   0.00000000     0.00506513   0.00341452     0.26863617   0.00000000

     Dynamical  Matrix in cartesian axes

     q = (    0.125000000   0.375000000  -0.125000000 ) 

    1    1
  0.26863617   0.00000000     0.00506513  -0.00341452    -0.00366979   0.00000000
  0.00506513   0.00341452     0.29822564   0.00000000    -0.00506513  -0.00341452
 -0.00366979   0.00000000    -0.00506513   0.00341452     0.26863617   0.00000000
    1    2
 -0.20756551   0.04915889     0.01315105  -0.03164768     0.01297501   0.09731704
  0.01315105  -0.03164768    -0.21564226   0.05438834    -0.01315105   0.03164768
  0.01297501   0.09731704    -0.01315105   0.03164768    -0.20756551   0.04915889
    2    1
 -0.20756551  -0.04915889     0.01315105   0.03164768     0.01297501  -0.09731704
  0.01315105   0.03164768    -0.21564226  -0.05438834    -0.01315105  -0.03164768
  0.01297501  -0.09731704    -0.01315105  -0.03164768    -0.20756551  -0.04915889
    2    2
  0.26863617   0.00000000     0.00506513   0.00341452    -0.00366979   0.00000000
  0.00506513  -0.00341452     0.29822564  -0.00000000    -0.00506513   0.00341452
 -0.00366979   0.00000000    -0.00506513  -0.00341452     0.26863617   0.00000000

     Dynamical  Matrix in cartesian axes

     q = (    0.125000000   0.375000000   0.125000000 ) 

    1    1
  0.26863617  -0.00000000     0.00506513   0.00341452     0.00366979  -0.00000000
  0.00506513  -0.00341452     0.29822564  -0.00000000     0.00506513  -0.00341452
  0.00366979  -0.00000000     0.00506513   0.00341452     0.26863617  -0.00000000
    1    2
 -0.18153156   0.11201040     0.03167748   0.01307909     0.05963882   0.07798826
  0.03167748   0.01307909    -0.19094047   0.11402374     0.03167748   0.01307909
  0.05963882   0.07798826     0.03167748   0.01307909    -0.18153156   0.11201040
    2    1
 -0.18153156  -0.11201040     0.03167748  -0.01307909     0.05963882  -0.07798826
  0.03167748  -0.01307909    -0.19094047  -0.11402374     0.03167748  -0.01307909
  0.05963882  -0.07798826     0.03167748  -0.01307909    -0.18153156  -0.11201040
    2    2
  0.26863617   0.00000000     0.00506513  -0.00341452     0.00366979   0.00000000
  0.00506513   0.00341452     0.29822564   0.00000000     0.00506513   0.00341452
  0.00366979   0.00000000     0.00506513  -0.00341452     0.26863617   0.00000000

     Dynamical  Matrix in cartesian axes

     q = (    0.125000000  -0.375000000   0.125000000 ) 

    1    1
  0.26863617  -0.00000000    -0.00506513   0.00341452     0.00366979  -0.00000000
 -0.00506513  -0.00341452     0.29822564  -0.00000000    -0.00506513  -0.00341452
  0.00366979  -0.00000000    -0.00506513   0.00341452     0.26863617  -0.00000000
    1    2
 -0.18153156  -0.11201040    -0.03167748   0.01307909     0.05963882  -0.07798826
 -0.03167748   0.01307909    -0.19094047  -0.11402374    -0.03167748   0.01307909
  0.05963882  -0.07798826    -0.03167748   0.01307909    -0.18153156  -0.11201040
    2    1
 -0.18153156   0.11201040    -0.03167748  -0.01307909     0.05963882   0.07798826
 -0.03167748  -0.01307909    -0.19094047   0.11402374    -0.03167748  -0.01307909
  0.05963882   0.07798826    -0.03167748  -0.01307909    -0.18153156   0.11201040
    2    2
  0.26863617   0.00000000    -0.00506513  -0.00341452     0.00366979   0.00000000
 -0.00506513   0.00341452     0.29822564   0.00000000    -0.00506513   0.00341452
  0.00366979   0.00000000    -0.00506513  -0.00341452     0.26863617   0.00000000

     Dynamical  Matrix in cartesian axes

     q = (    0.375000000  -0.125000000   0.125000000 ) 

    1    1
  0.29822564  -0.00000000    -0.00506513  -0.00341452     0.00506513   0.00341452
 -0.00506513   0.00341452     0.26863617  -0.00000000    -0.00366979   0.00000000
  0.00506513  -0.00341452    -0.00366979   0.00000000     0.26863617  -0.00000000
    1    2
 -0.19094047  -0.11402374    -0.03167748   0.01307909     0.03167748  -0.01307909
 -0.03167748   0.01307909    -0.18153156  -0.11201040    -0.05963882   0.07798826
  0.03167748  -0.01307909    -0.05963882   0.07798826    -0.18153156  -0.11201040
    2    1
 -0.19094047   0.11402374    -0.03167748  -0.01307909     0.03167748   0.01307909
 -0.03167748  -0.01307909    -0.18153156   0.11201040    -0.05963882  -0.07798826
  0.03167748   0.01307909    -0.05963882  -0.07798826    -0.18153156   0.11201040
    2    2
  0.29822564   0.00000000    -0.00506513   0.00341452     0.00506513  -0.00341452
 -0.00506513  -0.00341452     0.26863617   0.00000000    -0.00366979  -0.00000000
  0.00506513   0.00341452    -0.00366979  -0.00000000     0.26863617   0.00000000

     Dynamical  Matrix in cartesian axes

     q = (    0.125000000  -0.125000000   0.375000000 ) 

    1    1
  0.26863617  -0.00000000    -0.00366979   0.00000000     0.00506513  -0.00341452
 -0.00366979   0.00000000     0.26863617  -0.00000000    -0.00506513   0.00341452
  0.00506513   0.00341452    -0.00506513  -0.00341452     0.29822564  -0.00000000
    1    2
 -0.20756551   0.04915889     0.01297501   0.09731704     0.01315105  -0.03164768
  0.01297501   0.09731704    -0.20756551   0.04915889    -0.01315105   0.03164768
  0.01315105  -0.03164768    -0.01315105   0.03164768    -0.21564226   0.05438834
    2    1
 -0.20756551  -0.04915889     0.01297501  -0.09731704     0.01315105   0.03164768
  0.01297501  -0.09731704    -0.20756551  -0.04915889    -0.01315105  -0.03164768
  0.01315105   0.03164768    -0.01315105  -0.03164768    -0.21564226  -0.05438834
    2    2
  0.26863617   0.00000000    -0.00366979  -0.00000000     0.00506513   0.00341452
 -0.00366979  -0.00000000     0.26863617   0.00000000    -0.00506513  -0.00341452
  0.00506513  -0.00341452    -0.00506513   0.00341452     0.29822564   0.00000000

     Dynamical  Matrix in cartesian axes

     q = (   -0.125000000  -0.375000000  -0.125000000 ) 

    1    1
  0.26863617   0.00000000     0.00506513  -0.00341452     0.00366979   0.00000000
  0.00506513   0.00341452     0.29822564   0.00000000     0.00506513   0.00341452
  0.00366979   0.00000000     0.00506513  -0.00341452     0.26863617   0.00000000
    1    2
 -0.18153156  -0.11201040     0.03167748  -0.01307909     0.05963882  -0.07798826
  0.03167748  -0.01307909    -0.19094047  -0.11402374     0.03167748  -0.01307909
  0.05963882  -0.07798826     0.03167748  -0.01307909    -0.18153156  -0.11201040
    2    1
 -0.18153156   0.11201040     0.03167748   0.01307909     0.05963882   0.07798826
  0.03167748   0.01307909    -0.19094047   0.11402374     0.03167748   0.01307909
  0.05963882   0.07798826     0.03167748   0.01307909    -0.18153156   0.11201040
    2    2
  0.26863617  -0.00000000     0.00506513   0.00341452     0.00366979  -0.00000000
  0.00506513  -0.00341452     0.29822564  -0.00000000     0.00506513  -0.00341452
  0.00366979  -0.00000000     0.00506513   0.00341452     0.26863617  -0.00000000

     Dynamical  Matrix in cartesian axes

     q = (    0.125000000  -0.375000000  -0.125000000 ) 

    1    1
  0.26863617   0.00000000    -0.00506513  -0.00341452    -0.00366979   0.00000000
 -0.00506513   0.00341452     0.29822564   0.00000000     0.00506513  -0.00341452
 -0.00366979   0.00000000     0.00506513   0.00341452     0.26863617   0.00000000
    1    2
 -0.11201040  -0.18153156     0.01307909  -0.03167748     0.07798826  -0.05963882
  0.01307909  -0.03167748    -0.11402374  -0.19094047    -0.01307909   0.03167748
  0.07798826  -0.05963882    -0.01307909   0.03167748    -0.11201040  -0.18153156
    2    1
 -0.11201040   0.18153156     0.01307909   0.03167748     0.07798826   0.05963882
  0.01307909   0.03167748    -0.11402374   0.19094047    -0.01307909  -0.03167748
  0.07798826   0.05963882    -0.01307909  -0.03167748    -0.11201040   0.18153156
    2    2
  0.26863617   0.00000000    -0.00506513   0.00341452    -0.00366979   0.00000000
 -0.00506513  -0.00341452     0.29822564  -0.00000000     0.00506513   0.00341452
 -0.00366979   0.00000000     0.00506513  -0.00341452     0.26863617   0.00000000

     Dynamical  Matrix in cartesian axes

     q = (   -0.125000000  -0.375000000   0.125000000 ) 

    1    1
  0.26863617   0.00000000     0.00506513   0.00341452    -0.00366979   0.00000000
  0.00506513  -0.00341452     0.29822564  -0.00000000    -0.00506513   0.00341452
 -0.00366979   0.00000000    -0.00506513  -0.00341452     0.26863617   0.00000000
    1    2
 -0.20756551  -0.04915889     0.01315105   0.03164768     0.01297501  -0.09731704
  0.01315105   0.03164768    -0.21564226  -0.05438834    -0.01315105  -0.03164768
  0.01297501  -0.09731704    -0.01315105  -0.03164768    -0.20756551  -0.04915889
    2    1
 -0.20756551   0.04915889     0.01315105  -0.03164768     0.01297501   0.09731704
  0.01315105  -0.03164768    -0.21564226   0.05438834    -0.01315105   0.03164768
  0.01297501   0.09731704    -0.01315105   0.03164768    -0.20756551   0.04915889
    2    2
  0.26863617   0.00000000     0.00506513  -0.00341452    -0.00366979   0.00000000
  0.00506513   0.00341452     0.29822564   0.00000000    -0.00506513  -0.00341452
 -0.00366979   0.00000000    -0.00506513   0.00341452     0.26863617   0.00000000

     Dynamical  Matrix in cartesian axes

     q = (    0.125000000  -0.125000000  -0.375000000 ) 

    1    1
  0.26863617   0.00000000    -0.00366979  -0.00000000    -0.00506513  -0.00341452
 -0.00366979  -0.00000000     0.26863617   0.00000000     0.00506513   0.00341452
 -0.00506513   0.00341452     0.00506513  -0.00341452     0.29822564   0.00000000
    1    2
 -0.11201040  -0.18153156     0.07798826  -0.05963882     0.01307909  -0.03167748
  0.07798826  -0.05963882    -0.11201040  -0.18153156    -0.01307909   0.03167748
  0.01307909  -0.03167748    -0.01307909   0.03167748    -0.11402374  -0.19094047
    2    1
 -0.11201040   0.18153156     0.07798826   0.05963882     0.01307909   0.03167748
  0.07798826   0.05963882    -0.11201040   0.18153156    -0.01307909  -0.03167748
  0.01307909   0.03167748    -0.01307909  -0.03167748    -0.11402374   0.19094047
    2    2
  0.26863617  -0.00000000    -0.00366979   0.00000000    -0.00506513   0.00341452
 -0.00366979   0.00000000     0.26863617  -0.00000000     0.00506513  -0.00341452
 -0.00506513  -0.00341452     0.00506513   0.00341452     0.29822564  -0.00000000

     Dynamical  Matrix in cartesian axes

     q = (    0.375000000  -0.125000000  -0.125000000 ) 

    1    1
  0.29822564   0.00000000    -0.00506513   0.00341452    -0.00506513   0.00341452
 -0.00506513  -0.00341452     0.26863617   0.00000000     0.00366979  -0.00000000
 -0.00506513  -0.00341452     0.00366979  -0.00000000     0.26863617   0.00000000
    1    2
 -0.11402374  -0.19094047     0.01307909  -0.03167748     0.01307909  -0.03167748
  0.01307909  -0.03167748    -0.11201040  -0.18153156    -0.07798826   0.05963882
  0.01307909  -0.03167748    -0.07798826   0.05963882    -0.11201040  -0.18153156
    2    1
 -0.11402374   0.19094047     0.01307909   0.03167748     0.01307909   0.03167748
  0.01307909   0.03167748    -0.11201040   0.18153156    -0.07798826  -0.05963882
  0.01307909   0.03167748    -0.07798826  -0.05963882    -0.11201040   0.18153156
    2    2
  0.29822564  -0.00000000    -0.00506513  -0.00341452    -0.00506513  -0.00341452
 -0.00506513   0.00341452     0.26863617  -0.00000000     0.00366979   0.00000000
 -0.00506513   0.00341452     0.00366979   0.00000000     0.26863617  -0.00000000

     Dynamical  Matrix in cartesian axes

     q = (   -0.375000000  -0.125000000   0.125000000 ) 

    1    1
  0.29822564  -0.00000000     0.00506513  -0.00341452    -0.00506513   0.00341452
  0.00506513   0.00341452     0.26863617  -0.00000000    -0.00366979   0.00000000
 -0.00506513  -0.00341452    -0.00366979   0.00000000     0.26863617  -0.00000000
    1    2
 -0.19094047   0.11402374     0.03167748   0.01307909    -0.03167748  -0.01307909
  0.03167748   0.01307909    -0.18153156   0.11201040    -0.05963882  -0.07798826
 -0.03167748  -0.01307909    -0.05963882  -0.07798826    -0.18153156   0.11201040
    2    1
 -0.19094047  -0.11402374     0.03167748  -0.01307909    -0.03167748   0.01307909
  0.03167748  -0.01307909    -0.18153156  -0.11201040    -0.05963882   0.07798826
 -0.03167748   0.01307909    -0.05963882   0.07798826    -0.18153156  -0.11201040
    2    2
  0.29822564   0.00000000     0.00506513   0.00341452    -0.00506513  -0.00341452
  0.00506513  -0.00341452     0.26863617   0.00000000    -0.00366979  -0.00000000
 -0.00506513   0.00341452    -0.00366979  -0.00000000     0.26863617   0.00000000

     Dynamical  Matrix in cartesian axes

     q = (    0.375000000   0.125000000   0.125000000 ) 

    1    1
  0.29822564  -0.00000000     0.00506513  -0.00341452     0.00506513  -0.00341452
  0.00506513   0.00341452     0.26863617  -0.00000000     0.00366979   0.00000000
  0.00506513   0.00341452     0.00366979   0.00000000     0.26863617  -0.00000000
    1    2
 -0.21564226  -0.05438834     0.01315105   0.03164768     0.01315105   0.03164768
  0.01315105   0.03164768    -0.20756551  -0.04915889    -0.01297501   0.09731704
  0.01315105   0.03164768    -0.01297501   0.09731704    -0.20756551  -0.04915889
    2    1
 -0.21564226   0.05438834     0.01315105  -0.03164768     0.01315105  -0.03164768
  0.01315105  -0.03164768    -0.20756551   0.04915889    -0.01297501  -0.09731704
  0.01315105  -0.03164768    -0.01297501  -0.09731704    -0.20756551   0.04915889
    2    2
  0.29822564   0.00000000     0.00506513   0.00341452     0.00506513   0.00341452
  0.00506513  -0.00341452     0.26863617   0.00000000     0.00366979  -0.00000000
  0.00506513  -0.00341452     0.00366979  -0.00000000     0.26863617   0.00000000

     Dynamical  Matrix in cartesian axes

     q = (   -0.125000000  -0.125000000   0.375000000 ) 

    1    1
  0.26863617  -0.00000000     0.00366979  -0.00000000    -0.00506513  -0.00341452
  0.00366979  -0.00000000     0.26863617  -0.00000000    -0.00506513  -0.00341452
 -0.00506513   0.00341452    -0.00506513   0.00341452     0.29822564  -0.00000000
    1    2
 -0.18153156   0.11201040     0.05963882   0.07798826    -0.03167748  -0.01307909
  0.05963882   0.07798826    -0.18153156   0.11201040    -0.03167748  -0.01307909
 -0.03167748  -0.01307909    -0.03167748  -0.01307909    -0.19094047   0.11402374
    2    1
 -0.18153156  -0.11201040     0.05963882  -0.07798826    -0.03167748   0.01307909
  0.05963882  -0.07798826    -0.18153156  -0.11201040    -0.03167748   0.01307909
 -0.03167748   0.01307909    -0.03167748   0.01307909    -0.19094047  -0.11402374
    2    2
  0.26863617   0.00000000     0.00366979   0.00000000    -0.00506513   0.00341452
  0.00366979   0.00000000     0.26863617   0.00000000    -0.00506513   0.00341452
 -0.00506513  -0.00341452    -0.00506513  -0.00341452     0.29822564   0.00000000

     Dynamical  Matrix in cartesian axes

     q = (    0.125000000   0.125000000   0.375000000 ) 

    1    1
  0.26863617   0.00000000     0.00366979   0.00000000     0.00506513   0.00341452
  0.00366979   0.00000000     0.26863617   0.00000000     0.00506513   0.00341452
  0.00506513  -0.00341452     0.00506513  -0.00341452     0.29822564   0.00000000
    1    2
 -0.18153156   0.11201040     0.05963882   0.07798826     0.03167748   0.01307909
  0.05963882   0.07798826    -0.18153156   0.11201040     0.03167748   0.01307909
  0.03167748   0.01307909     0.03167748   0.01307909    -0.19094047   0.11402374
    2    1
 -0.18153156  -0.11201040     0.05963882  -0.07798826     0.03167748  -0.01307909
  0.05963882  -0.07798826    -0.18153156  -0.11201040     0.03167748  -0.01307909
  0.03167748  -0.01307909     0.03167748  -0.01307909    -0.19094047  -0.11402374
    2    2
  0.26863617  -0.00000000     0.00366979  -0.00000000     0.00506513  -0.00341452
  0.00366979  -0.00000000     0.26863617  -0.00000000     0.00506513  -0.00341452
  0.00506513   0.00341452     0.00506513   0.00341452     0.29822564  -0.00000000

     Dynamical  Matrix in cartesian axes

     q = (   -0.375000000   0.125000000  -0.125000000 ) 

    1    1
  0.29822564   0.00000000    -0.00506513   0.00341452     0.00506513  -0.00341452
 -0.00506513  -0.00341452     0.26863617   0.00000000    -0.00366979  -0.00000000
  0.00506513   0.00341452    -0.00366979  -0.00000000     0.26863617   0.00000000
    1    2
 -0.19094047   0.11402374    -0.03167748  -0.01307909     0.03167748   0.01307909
 -0.03167748  -0.01307909    -0.18153156   0.11201040    -0.05963882  -0.07798826
  0.03167748   0.01307909    -0.05963882  -0.07798826    -0.18153156   0.11201040
    2    1
 -0.19094047  -0.11402374    -0.03167748   0.01307909     0.03167748  -0.01307909
 -0.03167748   0.01307909    -0.18153156  -0.11201040    -0.05963882   0.07798826
  0.03167748  -0.01307909    -0.05963882   0.07798826    -0.18153156  -0.11201040
    2    2
  0.29822564  -0.00000000    -0.00506513  -0.00341452     0.00506513   0.00341452
 -0.00506513   0.00341452     0.26863617  -0.00000000    -0.00366979   0.00000000
  0.00506513  -0.00341452    -0.00366979   0.00000000     0.26863617  -0.00000000

     Dynamical  Matrix in cartesian axes

     q = (   -0.125000000   0.125000000  -0.375000000 ) 

    1    1
  0.26863617   0.00000000    -0.00366979  -0.00000000     0.00506513   0.00341452
 -0.00366979  -0.00000000     0.26863617   0.00000000    -0.00506513  -0.00341452
  0.00506513  -0.00341452    -0.00506513   0.00341452     0.29822564   0.00000000
    1    2
 -0.20756551  -0.04915889     0.01297501  -0.09731704     0.01315105   0.03164768
  0.01297501  -0.09731704    -0.20756551  -0.04915889    -0.01315105  -0.03164768
  0.01315105   0.03164768    -0.01315105  -0.03164768    -0.21564226  -0.05438834
    2    1
 -0.20756551   0.04915889     0.01297501   0.09731704     0.01315105  -0.03164768
  0.01297501   0.09731704    -0.20756551   0.04915889    -0.01315105   0.03164768
  0.01315105  -0.03164768    -0.01315105   0.03164768    -0.21564226   0.05438834
    2    2
  0.26863617  -0.00000000    -0.00366979   0.00000000     0.00506513  -0.00341452
 -0.00366979   0.00000000     0.26863617  -0.00000000    -0.00506513   0.00341452
  0.00506513   0.00341452    -0.00506513  -0.00341452     0.29822564  -0.00000000

     Dynamical  Matrix in cartesian axes

     q = (   -0.375000000  -0.125000000  -0.125000000 ) 

    1    1
  0.29822564   0.00000000     0.00506513   0.00341452     0.00506513   0.00341452
  0.00506513  -0.00341452     0.26863617   0.00000000     0.00366979  -0.00000000
  0.00506513  -0.00341452     0.00366979  -0.00000000     0.26863617   0.00000000
    1    2
 -0.21564226   0.05438834     0.01315105  -0.03164768     0.01315105  -0.03164768
  0.01315105  -0.03164768    -0.20756551   0.04915889    -0.01297501  -0.09731704
  0.01315105  -0.03164768    -0.01297501  -0.09731704    -0.20756551   0.04915889
    2    1
 -0.21564226  -0.05438834     0.01315105   0.03164768     0.01315105   0.03164768
  0.01315105   0.03164768    -0.20756551  -0.04915889    -0.01297501   0.09731704
  0.01315105   0.03164768    -0.01297501   0.09731704    -0.20756551  -0.04915889
    2    2
  0.29822564  -0.00000000     0.00506513  -0.00341452     0.00506513  -0.00341452
  0.00506513   0.00341452     0.26863617  -0.00000000     0.00366979   0.00000000
  0.00506513   0.00341452     0.00366979   0.00000000     0.26863617  -0.00000000

     Dynamical  Matrix in cartesian axes

     q = (    0.125000000   0.125000000  -0.375000000 ) 

    1    1
  0.26863617   0.00000000     0.00366979   0.00000000    -0.00506513   0.00341452
  0.00366979   0.00000000     0.26863617   0.00000000    -0.00506513   0.00341452
 -0.00506513  -0.00341452    -0.00506513  -0.00341452     0.29822564   0.00000000
    1    2
 -0.18153156  -0.11201040     0.05963882  -0.07798826    -0.03167748   0.01307909
  0.05963882  -0.07798826    -0.18153156  -0.11201040    -0.03167748   0.01307909
 -0.03167748   0.01307909    -0.03167748   0.01307909    -0.19094047  -0.11402374
    2    1
 -0.18153156   0.11201040     0.05963882   0.07798826    -0.03167748  -0.01307909
  0.05963882   0.07798826    -0.18153156   0.11201040    -0.03167748  -0.01307909
 -0.03167748  -0.01307909    -0.03167748  -0.01307909    -0.19094047   0.11402374
    2    2
  0.26863617  -0.00000000     0.00366979  -0.00000000    -0.00506513  -0.00341452
  0.00366979  -0.00000000     0.26863617  -0.00000000    -0.00506513  -0.00341452
 -0.00506513   0.00341452    -0.00506513   0.00341452     0.29822564  -0.00000000

     Dynamical  Matrix in cartesian axes

     q = (    0.375000000   0.125000000  -0.125000000 ) 

    1    1
  0.29822564   0.00000000     0.00506513   0.00341452    -0.00506513  -0.00341452
  0.00506513  -0.00341452     0.26863617   0.00000000    -0.00366979  -0.00000000
 -0.00506513   0.00341452    -0.00366979  -0.00000000     0.26863617   0.00000000
    1    2
 -0.19094047  -0.11402374     0.03167748  -0.01307909    -0.03167748   0.01307909
  0.03167748  -0.01307909    -0.18153156  -0.11201040    -0.05963882   0.07798826
 -0.03167748   0.01307909    -0.05963882   0.07798826    -0.18153156  -0.11201040
    2    1
 -0.19094047   0.11402374     0.03167748   0.01307909    -0.03167748  -0.01307909
  0.03167748   0.01307909    -0.18153156   0.11201040    -0.05963882  -0.07798826
 -0.03167748  -0.01307909    -0.05963882  -0.07798826    -0.18153156   0.11201040
    2    2
  0.29822564  -0.00000000     0.00506513  -0.00341452    -0.00506513   0.00341452
  0.00506513   0.00341452     0.26863617  -0.00000000    -0.00366979   0.00000000
 -0.00506513  -0.00341452    -0.00366979   0.00000000     0.26863617  -0.00000000

     Dynamical  Matrix in cartesian axes

     q = (   -0.125000000  -0.125000000  -0.375000000 ) 

    1    1
  0.26863617  -0.00000000     0.00366979  -0.00000000     0.00506513  -0.00341452
  0.00366979  -0.00000000     0.26863617  -0.00000000     0.00506513  -0.00341452
  0.00506513   0.00341452     0.00506513   0.00341452     0.29822564  -0.00000000
    1    2
 -0.18153156  -0.11201040     0.05963882  -0.07798826     0.03167748  -0.01307909
  0.05963882  -0.07798826    -0.18153156  -0.11201040     0.03167748  -0.01307909
  0.03167748  -0.01307909     0.03167748  -0.01307909    -0.19094047  -0.11402374
    2    1
 -0.18153156   0.11201040     0.05963882   0.07798826     0.03167748   0.01307909
  0.05963882   0.07798826    -0.18153156   0.11201040     0.03167748   0.01307909
  0.03167748   0.01307909     0.03167748   0.01307909    -0.19094047   0.11402374
    2    2
  0.26863617   0.00000000     0.00366979   0.00000000     0.00506513   0.00341452
  0.00366979   0.00000000     0.26863617   0.00000000     0.00506513   0.00341452
  0.00506513  -0.00341452     0.00506513  -0.00341452     0.29822564   0.00000000

     Dynamical  Matrix in cartesian axes

     q = (   -0.375000000   0.125000000   0.125000000 ) 

    1    1
  0.29822564  -0.00000000    -0.00506513  -0.00341452    -0.00506513  -0.00341452
 -0.00506513   0.00341452     0.26863617  -0.00000000     0.00366979   0.00000000
 -0.00506513   0.00341452     0.00366979   0.00000000     0.26863617  -0.00000000
    1    2
 -0.11402374   0.19094047     0.01307909   0.03167748     0.01307909   0.03167748
  0.01307909   0.03167748    -0.11201040   0.18153156    -0.07798826  -0.05963882
  0.01307909   0.03167748    -0.07798826  -0.05963882    -0.11201040   0.18153156
    2    1
 -0.11402374  -0.19094047     0.01307909  -0.03167748     0.01307909  -0.03167748
  0.01307909  -0.03167748    -0.11201040  -0.18153156    -0.07798826   0.05963882
  0.01307909  -0.03167748    -0.07798826   0.05963882    -0.11201040  -0.18153156
    2    2
  0.29822564   0.00000000    -0.00506513   0.00341452    -0.00506513   0.00341452
 -0.00506513  -0.00341452     0.26863617   0.00000000     0.00366979  -0.00000000
 -0.00506513  -0.00341452     0.00366979  -0.00000000     0.26863617   0.00000000

     Dynamical  Matrix in cartesian axes

     q = (   -0.125000000   0.125000000   0.375000000 ) 

    1    1
  0.26863617  -0.00000000    -0.00366979   0.00000000    -0.00506513   0.00341452
 -0.00366979   0.00000000     0.26863617  -0.00000000     0.00506513  -0.00341452
 -0.00506513  -0.00341452     0.00506513   0.00341452     0.29822564  -0.00000000
    1    2
 -0.11201040   0.18153156     0.07798826   0.05963882     0.01307909   0.03167748
  0.07798826   0.05963882    -0.11201040   0.18153156    -0.01307909  -0.03167748
  0.01307909   0.03167748    -0.01307909  -0.03167748    -0.11402374   0.19094047
    2    1
 -0.11201040  -0.18153156     0.07798826  -0.05963882     0.01307909  -0.03167748
  0.07798826  -0.05963882    -0.11201040  -0.18153156    -0.01307909   0.03167748
  0.01307909  -0.03167748    -0.01307909   0.03167748    -0.11402374  -0.19094047
    2    2
  0.26863617   0.00000000    -0.00366979  -0.00000000    -0.00506513  -0.00341452
 -0.00366979  -0.00000000     0.26863617   0.00000000     0.00506513   0.00341452
 -0.00506513   0.00341452     0.00506513  -0.00341452     0.29822564   0.00000000

     Diagonalizing the dynamical matrix

     q = (   -0.125000000   0.375000000  -0.125000000 ) 

 **************************************************************************
     freq (    1) =       3.008552 [THz] =     100.354485 [cm-1]
 (  0.495098 -0.069844  0.000000 -0.000000 -0.495098  0.069844 ) 
 (  0.500000 -0.000000  0.000000 -0.000000 -0.500000  0.000000 ) 
     freq (    2) =       3.475397 [THz] =     115.926763 [cm-1]
 (  0.274360 -0.328529  0.305496 -0.200656  0.274360 -0.328529 ) 
 (  0.428024 -0.000000  0.349833 -0.105864  0.428024  0.000000 ) 
     freq (    3) =       5.984222 [THz] =     199.612167 [cm-1]
 (  0.042531 -0.258625 -0.310192  0.516130  0.042531 -0.258625 ) 
 (  0.262098 -0.000000 -0.559624  0.222328  0.262098  0.000000 ) 
     freq (    4) =      14.504185 [THz] =     483.807533 [cm-1]
 ( -0.201987  0.395762  0.158597 -0.282834 -0.201987  0.395762 ) 
 (  0.444327 -0.000000 -0.324017  0.012688  0.444327  0.000000 ) 
     freq (    5) =      14.663071 [THz] =     489.107396 [cm-1]
 (  0.495098 -0.069844 -0.000000 -0.000000 -0.495098  0.069844 ) 
 ( -0.500000  0.000000 -0.000000  0.000000  0.500000  0.000000 ) 
     freq (    6) =      14.972775 [THz] =     499.437998 [cm-1]
 ( -0.172502  0.144626 -0.532756  0.338857 -0.172502  0.144626 ) 
 (  0.225108 -0.000000  0.625962 -0.082613  0.225108  0.000000 ) 
 **************************************************************************
