Dynamical matrix file
default                                                                    
  1    2   2  10.2273000   0.0000000   0.0000000   0.0000000   0.0000000   0.0000000
           1  'Si  '    25598.3672898282     
    1    1     -0.2500000000      0.2500000000      0.2500000000
    2    1     -0.5000000000      0.5000000000      0.5000000000

     Dynamical  Matrix in cartesian axes

     q = (   -0.250000000   0.500000000  -0.250000000 ) 

    1    1
  0.27140542  -0.00000000    -0.01124848  -0.00585923     0.00895791  -0.00000000
 -0.01124848   0.00585923     0.29715943   0.00000000    -0.01124848   0.00585923
  0.00895791  -0.00000000    -0.01124848  -0.00585923     0.27140542  -0.00000000
    1    2
 -0.13743254   0.09105902    -0.06680196  -0.00127376     0.09733745   0.06457281
 -0.06680196  -0.00127376    -0.14724740   0.08847162    -0.06680196  -0.00127376
  0.09733745   0.06457281    -0.06680196  -0.00127376    -0.13743254   0.09105902
    2    1
 -0.13743254  -0.09105902    -0.06680196   0.00127376     0.09733745  -0.06457281
 -0.06680196   0.00127376    -0.14724740  -0.08847162    -0.06680196   0.00127376
  0.09733745  -0.06457281    -0.06680196   0.00127376    -0.13743254  -0.09105902
    2    2
  0.27140542   0.00000000    -0.01124848   0.00585923     0.00895791   0.00000000
 -0.01124848  -0.00585923     0.29715943  -0.00000000    -0.01124848  -0.00585923
  0.00895791   0.00000000    -0.01124848   0.00585923     0.27140542   0.00000000

     Dynamical  Matrix in cartesian axes

     q = (   -0.250000000   0.500000000   0.250000000 ) 

    1    1
  0.27140542   0.00000000    -0.01124848   0.00585923    -0.00895791  -0.00000000
 -0.01124848  -0.00585923     0.29715943  -0.00000000     0.01124848   0.00585923
 -0.00895791  -0.00000000     0.01124848  -0.00585923     0.27140542   0.00000000
    1    2
  0.03279103   0.16156793     0.04813680   0.04633544     0.11448784   0.02316810
  0.04813680   0.04633544     0.04156075   0.16667852    -0.04813680  -0.04633544
  0.11448784   0.02316810    -0.04813680  -0.04633544     0.03279103   0.16156793
    2    1
  0.03279103  -0.16156793     0.04813680  -0.04633544     0.11448784  -0.02316810
  0.04813680  -0.04633544     0.04156075  -0.16667852    -0.04813680   0.04633544
  0.11448784  -0.02316810    -0.04813680   0.04633544     0.03279103  -0.16156793
    2    2
  0.27140542  -0.00000000    -0.01124848  -0.00585923    -0.00895791   0.00000000
 -0.01124848   0.00585923     0.29715943   0.00000000     0.01124848  -0.00585923
 -0.00895791   0.00000000     0.01124848   0.00585923     0.27140542  -0.00000000

     Dynamical  Matrix in cartesian axes

     q = (    0.250000000   0.500000000  -0.250000000 ) 

    1    1
  0.27140542   0.00000000     0.01124848  -0.00585923    -0.00895791  -0.00000000
  0.01124848   0.00585923     0.29715943   0.00000000    -0.01124848  -0.00585923
 -0.00895791  -0.00000000    -0.01124848   0.00585923     0.27140542   0.00000000
    1    2
 -0.16156793   0.03279103     0.04633544  -0.04813680    -0.02316810   0.11448784
  0.04633544  -0.04813680    -0.16667852   0.04156075    -0.04633544   0.04813680
 -0.02316810   0.11448784    -0.04633544   0.04813680    -0.16156793   0.03279103
    2    1
 -0.16156793  -0.03279103     0.04633544   0.04813680    -0.02316810  -0.11448784
  0.04633544   0.04813680    -0.16667852  -0.04156075    -0.04633544  -0.04813680
 -0.02316810  -0.11448784    -0.04633544  -0.04813680    -0.16156793  -0.03279103
    2    2
  0.27140542  -0.00000000     0.01124848   0.00585923    -0.00895791   0.00000000
  0.01124848  -0.00585923     0.29715943   0.00000000    -0.01124848   0.00585923
 -0.00895791   0.00000000    -0.01124848  -0.00585923     0.27140542  -0.00000000

     Dynamical  Matrix in cartesian axes

     q = (    0.250000000   0.500000000   0.250000000 ) 

    1    1
  0.27140542  -0.00000000     0.01124848   0.00585923     0.00895791  -0.00000000
  0.01124848  -0.00585923     0.29715943   0.00000000     0.01124848  -0.00585923
  0.00895791  -0.00000000     0.01124848   0.00585923     0.27140542  -0.00000000
    1    2
 -0.13743254   0.09105902     0.06680196   0.00127376     0.09733745   0.06457281
  0.06680196   0.00127376    -0.14724740   0.08847162     0.06680196   0.00127376
  0.09733745   0.06457281     0.06680196   0.00127376    -0.13743254   0.09105902
    2    1
 -0.13743254  -0.09105902     0.06680196  -0.00127376     0.09733745  -0.06457281
  0.06680196  -0.00127376    -0.14724740  -0.08847162     0.06680196  -0.00127376
  0.09733745  -0.06457281     0.06680196  -0.00127376    -0.13743254  -0.09105902
    2    2
  0.27140542   0.00000000     0.01124848  -0.00585923     0.00895791   0.00000000
  0.01124848   0.00585923     0.29715943  -0.00000000     0.01124848   0.00585923
  0.00895791   0.00000000     0.01124848  -0.00585923     0.27140542   0.00000000

     Dynamical  Matrix in cartesian axes

     q = (    0.250000000  -0.500000000   0.250000000 ) 

    1    1
  0.27140542   0.00000000    -0.01124848   0.00585923     0.00895791   0.00000000
 -0.01124848  -0.00585923     0.29715943  -0.00000000    -0.01124848  -0.00585923
  0.00895791   0.00000000    -0.01124848   0.00585923     0.27140542   0.00000000
    1    2
 -0.13743254  -0.09105902    -0.06680196   0.00127376     0.09733745  -0.06457281
 -0.06680196   0.00127376    -0.14724740  -0.08847162    -0.06680196   0.00127376
  0.09733745  -0.06457281    -0.06680196   0.00127376    -0.13743254  -0.09105902
    2    1
 -0.13743254   0.09105902    -0.06680196  -0.00127376     0.09733745   0.06457281
 -0.06680196  -0.00127376    -0.14724740   0.08847162    -0.06680196  -0.00127376
  0.09733745   0.06457281    -0.06680196  -0.00127376    -0.13743254   0.09105902
    2    2
  0.27140542  -0.00000000    -0.01124848  -0.00585923     0.00895791  -0.00000000
 -0.01124848   0.00585923     0.29715943   0.00000000    -0.01124848   0.00585923
  0.00895791  -0.00000000    -0.01124848  -0.00585923     0.27140542  -0.00000000

     Dynamical  Matrix in cartesian axes

     q = (    0.500000000  -0.250000000   0.250000000 ) 

    1    1
  0.29715943  -0.00000000    -0.01124848  -0.00585923     0.01124848   0.00585923
 -0.01124848   0.00585923     0.27140542   0.00000000    -0.00895791  -0.00000000
  0.01124848  -0.00585923    -0.00895791  -0.00000000     0.27140542   0.00000000
    1    2
 -0.14724740  -0.08847162    -0.06680196   0.00127376     0.06680196  -0.00127376
 -0.06680196   0.00127376    -0.13743254  -0.09105902    -0.09733745   0.06457281
  0.06680196  -0.00127376    -0.09733745   0.06457281    -0.13743254  -0.09105902
    2    1
 -0.14724740   0.08847162    -0.06680196  -0.00127376     0.06680196   0.00127376
 -0.06680196  -0.00127376    -0.13743254   0.09105902    -0.09733745  -0.06457281
  0.06680196   0.00127376    -0.09733745  -0.06457281    -0.13743254   0.09105902
    2    2
  0.29715943   0.00000000    -0.01124848   0.00585923     0.01124848  -0.00585923
 -0.01124848  -0.00585923     0.27140542  -0.00000000    -0.00895791   0.00000000
  0.01124848   0.00585923    -0.00895791   0.00000000     0.27140542  -0.00000000

     Dynamical  Matrix in cartesian axes

     q = (    0.250000000  -0.250000000   0.500000000 ) 

    1    1
  0.27140542   0.00000000    -0.00895791  -0.00000000     0.01124848  -0.00585923
 -0.00895791  -0.00000000     0.27140542   0.00000000    -0.01124848   0.00585923
  0.01124848   0.00585923    -0.01124848  -0.00585923     0.29715943  -0.00000000
    1    2
 -0.16156793   0.03279103    -0.02316810   0.11448784     0.04633544  -0.04813680
 -0.02316810   0.11448784    -0.16156793   0.03279103    -0.04633544   0.04813680
  0.04633544  -0.04813680    -0.04633544   0.04813680    -0.16667852   0.04156075
    2    1
 -0.16156793  -0.03279103    -0.02316810  -0.11448784     0.04633544   0.04813680
 -0.02316810  -0.11448784    -0.16156793  -0.03279103    -0.04633544  -0.04813680
  0.04633544   0.04813680    -0.04633544  -0.04813680    -0.16667852  -0.04156075
    2    2
  0.27140542  -0.00000000    -0.00895791   0.00000000     0.01124848   0.00585923
 -0.00895791   0.00000000     0.27140542  -0.00000000    -0.01124848  -0.00585923
  0.01124848  -0.00585923    -0.01124848   0.00585923     0.29715943   0.00000000

     Dynamical  Matrix in cartesian axes

     q = (   -0.250000000  -0.500000000  -0.250000000 ) 

    1    1
  0.27140542   0.00000000     0.01124848  -0.00585923     0.00895791   0.00000000
  0.01124848   0.00585923     0.29715943  -0.00000000     0.01124848   0.00585923
  0.00895791   0.00000000     0.01124848  -0.00585923     0.27140542   0.00000000
    1    2
 -0.13743254  -0.09105902     0.06680196  -0.00127376     0.09733745  -0.06457281
  0.06680196  -0.00127376    -0.14724740  -0.08847162     0.06680196  -0.00127376
  0.09733745  -0.06457281     0.06680196  -0.00127376    -0.13743254  -0.09105902
    2    1
 -0.13743254   0.09105902     0.06680196   0.00127376     0.09733745   0.06457281
  0.06680196   0.00127376    -0.14724740   0.08847162     0.06680196   0.00127376
  0.09733745   0.06457281     0.06680196   0.00127376    -0.13743254   0.09105902
    2    2
  0.27140542  -0.00000000     0.01124848   0.00585923     0.00895791  -0.00000000
  0.01124848  -0.00585923     0.29715943   0.00000000     0.01124848  -0.00585923
  0.00895791  -0.00000000     0.01124848   0.00585923     0.27140542  -0.00000000

     Dynamical  Matrix in cartesian axes

     q = (    0.250000000  -0.500000000  -0.250000000 ) 

    1    1
  0.27140542  -0.00000000    -0.01124848  -0.00585923    -0.00895791   0.00000000
 -0.01124848   0.00585923     0.29715943   0.00000000     0.01124848  -0.00585923
 -0.00895791   0.00000000     0.01124848   0.00585923     0.27140542  -0.00000000
    1    2
  0.03279103  -0.16156793     0.04813680  -0.04633544     0.11448784  -0.02316810
  0.04813680  -0.04633544     0.04156075  -0.16667852    -0.04813680   0.04633544
  0.11448784  -0.02316810    -0.04813680   0.04633544     0.03279103  -0.16156793
    2    1
  0.03279103   0.16156793     0.04813680   0.04633544     0.11448784   0.02316810
  0.04813680   0.04633544     0.04156075   0.16667852    -0.04813680  -0.04633544
  0.11448784   0.02316810    -0.04813680  -0.04633544     0.03279103   0.16156793
    2    2
  0.27140542   0.00000000    -0.01124848   0.00585923    -0.00895791  -0.00000000
 -0.01124848  -0.00585923     0.29715943  -0.00000000     0.01124848   0.00585923
 -0.00895791  -0.00000000     0.01124848  -0.00585923     0.27140542   0.00000000

     Dynamical  Matrix in cartesian axes

     q = (   -0.250000000  -0.500000000   0.250000000 ) 

    1    1
  0.27140542  -0.00000000     0.01124848   0.00585923    -0.00895791   0.00000000
  0.01124848  -0.00585923     0.29715943   0.00000000    -0.01124848   0.00585923
 -0.00895791   0.00000000    -0.01124848  -0.00585923     0.27140542  -0.00000000
    1    2
 -0.16156793  -0.03279103     0.04633544   0.04813680    -0.02316810  -0.11448784
  0.04633544   0.04813680    -0.16667852  -0.04156075    -0.04633544  -0.04813680
 -0.02316810  -0.11448784    -0.04633544  -0.04813680    -0.16156793  -0.03279103
    2    1
 -0.16156793   0.03279103     0.04633544  -0.04813680    -0.02316810   0.11448784
  0.04633544  -0.04813680    -0.16667852   0.04156075    -0.04633544   0.04813680
 -0.02316810   0.11448784    -0.04633544   0.04813680    -0.16156793   0.03279103
    2    2
  0.27140542   0.00000000     0.01124848  -0.00585923    -0.00895791  -0.00000000
  0.01124848   0.00585923     0.29715943   0.00000000    -0.01124848  -0.00585923
 -0.00895791  -0.00000000    -0.01124848   0.00585923     0.27140542   0.00000000

     Dynamical  Matrix in cartesian axes

     q = (    0.250000000  -0.250000000  -0.500000000 ) 

    1    1
  0.27140542  -0.00000000    -0.00895791   0.00000000    -0.01124848  -0.00585923
 -0.00895791   0.00000000     0.27140542  -0.00000000     0.01124848   0.00585923
 -0.01124848   0.00585923     0.01124848  -0.00585923     0.29715943   0.00000000
    1    2
  0.03279103  -0.16156793     0.11448784  -0.02316810     0.04813680  -0.04633544
  0.11448784  -0.02316810     0.03279103  -0.16156793    -0.04813680   0.04633544
  0.04813680  -0.04633544    -0.04813680   0.04633544     0.04156075  -0.16667852
    2    1
  0.03279103   0.16156793     0.11448784   0.02316810     0.04813680   0.04633544
  0.11448784   0.02316810     0.03279103   0.16156793    -0.04813680  -0.04633544
  0.04813680   0.04633544    -0.04813680  -0.04633544     0.04156075   0.16667852
    2    2
  0.27140542   0.00000000    -0.00895791  -0.00000000    -0.01124848   0.00585923
 -0.00895791  -0.00000000     0.27140542   0.00000000     0.01124848  -0.00585923
 -0.01124848  -0.00585923     0.01124848   0.00585923     0.29715943  -0.00000000

     Dynamical  Matrix in cartesian axes

     q = (    0.500000000  -0.250000000  -0.250000000 ) 

    1    1
  0.29715943   0.00000000    -0.01124848   0.00585923    -0.01124848   0.00585923
 -0.01124848  -0.00585923     0.27140542  -0.00000000     0.00895791  -0.00000000
 -0.01124848  -0.00585923     0.00895791   0.00000000     0.27140542  -0.00000000
    1    2
  0.04156075  -0.16667852     0.04813680  -0.04633544     0.04813680  -0.04633544
  0.04813680  -0.04633544     0.03279103  -0.16156793    -0.11448784   0.02316810
  0.04813680  -0.04633544    -0.11448784   0.02316810     0.03279103  -0.16156793
    2    1
  0.04156075   0.16667852     0.04813680   0.04633544     0.04813680   0.04633544
  0.04813680   0.04633544     0.03279103   0.16156793    -0.11448784  -0.02316810
  0.04813680   0.04633544    -0.11448784  -0.02316810     0.03279103   0.16156793
    2    2
  0.29715943  -0.00000000    -0.01124848  -0.00585923    -0.01124848  -0.00585923
 -0.01124848   0.00585923     0.27140542   0.00000000     0.00895791   0.00000000
 -0.01124848   0.00585923     0.00895791  -0.00000000     0.27140542   0.00000000

     Dynamical  Matrix in cartesian axes

     q = (   -0.500000000  -0.250000000   0.250000000 ) 

    1    1
  0.29715943   0.00000000     0.01124848  -0.00585923    -0.01124848   0.00585923
  0.01124848   0.00585923     0.27140542  -0.00000000    -0.00895791   0.00000000
 -0.01124848  -0.00585923    -0.00895791   0.00000000     0.27140542  -0.00000000
    1    2
 -0.14724740   0.08847162     0.06680196   0.00127376    -0.06680196  -0.00127376
  0.06680196   0.00127376    -0.13743254   0.09105902    -0.09733745  -0.06457281
 -0.06680196  -0.00127376    -0.09733745  -0.06457281    -0.13743254   0.09105902
    2    1
 -0.14724740  -0.08847162     0.06680196  -0.00127376    -0.06680196   0.00127376
  0.06680196  -0.00127376    -0.13743254  -0.09105902    -0.09733745   0.06457281
 -0.06680196   0.00127376    -0.09733745   0.06457281    -0.13743254  -0.09105902
    2    2
  0.29715943  -0.00000000     0.01124848   0.00585923    -0.01124848  -0.00585923
  0.01124848  -0.00585923     0.27140542   0.00000000    -0.00895791  -0.00000000
 -0.01124848   0.00585923    -0.00895791  -0.00000000     0.27140542   0.00000000

     Dynamical  Matrix in cartesian axes

     q = (    0.500000000   0.250000000   0.250000000 ) 

    1    1
  0.29715943   0.00000000     0.01124848  -0.00585923     0.01124848  -0.00585923
  0.01124848   0.00585923     0.27140542  -0.00000000     0.00895791   0.00000000
  0.01124848   0.00585923     0.00895791  -0.00000000     0.27140542  -0.00000000
    1    2
 -0.16667852  -0.04156075     0.04633544   0.04813680     0.04633544   0.04813680
  0.04633544   0.04813680    -0.16156793  -0.03279103     0.02316810   0.11448784
  0.04633544   0.04813680     0.02316810   0.11448784    -0.16156793  -0.03279103
    2    1
 -0.16667852   0.04156075     0.04633544  -0.04813680     0.04633544  -0.04813680
  0.04633544  -0.04813680    -0.16156793   0.03279103     0.02316810  -0.11448784
  0.04633544  -0.04813680     0.02316810  -0.11448784    -0.16156793   0.03279103
    2    2
  0.29715943  -0.00000000     0.01124848   0.00585923     0.01124848   0.00585923
  0.01124848  -0.00585923     0.27140542   0.00000000     0.00895791  -0.00000000
  0.01124848  -0.00585923     0.00895791   0.00000000     0.27140542   0.00000000

     Dynamical  Matrix in cartesian axes

     q = (   -0.250000000  -0.250000000   0.500000000 ) 

    1    1
  0.27140542  -0.00000000     0.00895791  -0.00000000    -0.01124848  -0.00585923
  0.00895791  -0.00000000     0.27140542  -0.00000000    -0.01124848  -0.00585923
 -0.01124848   0.00585923    -0.01124848   0.00585923     0.29715943   0.00000000
    1    2
 -0.13743254   0.09105902     0.09733745   0.06457281    -0.06680196  -0.00127376
  0.09733745   0.06457281    -0.13743254   0.09105902    -0.06680196  -0.00127376
 -0.06680196  -0.00127376    -0.06680196  -0.00127376    -0.14724740   0.08847162
    2    1
 -0.13743254  -0.09105902     0.09733745  -0.06457281    -0.06680196   0.00127376
  0.09733745  -0.06457281    -0.13743254  -0.09105902    -0.06680196   0.00127376
 -0.06680196   0.00127376    -0.06680196   0.00127376    -0.14724740  -0.08847162
    2    2
  0.27140542   0.00000000     0.00895791   0.00000000    -0.01124848   0.00585923
  0.00895791   0.00000000     0.27140542   0.00000000    -0.01124848   0.00585923
 -0.01124848  -0.00585923    -0.01124848  -0.00585923     0.29715943  -0.00000000

     Dynamical  Matrix in cartesian axes

     q = (    0.250000000   0.250000000   0.500000000 ) 

    1    1
  0.27140542  -0.00000000     0.00895791  -0.00000000     0.01124848   0.00585923
  0.00895791  -0.00000000     0.27140542  -0.00000000     0.01124848   0.00585923
  0.01124848  -0.00585923     0.01124848  -0.00585923     0.29715943   0.00000000
    1    2
 -0.13743254   0.09105902     0.09733745   0.06457281     0.06680196   0.00127376
  0.09733745   0.06457281    -0.13743254   0.09105902     0.06680196   0.00127376
  0.06680196   0.00127376     0.06680196   0.00127376    -0.14724740   0.08847162
    2    1
 -0.13743254  -0.09105902     0.09733745  -0.06457281     0.06680196  -0.00127376
  0.09733745  -0.06457281    -0.13743254  -0.09105902     0.06680196  -0.00127376
  0.06680196  -0.00127376     0.06680196  -0.00127376    -0.14724740  -0.08847162
    2    2
  0.27140542   0.00000000     0.00895791   0.00000000     0.01124848  -0.00585923
  0.00895791   0.00000000     0.27140542   0.00000000     0.01124848  -0.00585923
  0.01124848   0.00585923     0.01124848   0.00585923     0.29715943  -0.00000000

     Dynamical  Matrix in cartesian axes

     q = (   -0.500000000   0.250000000  -0.250000000 ) 

    1    1
  0.29715943   0.00000000    -0.01124848   0.00585923     0.01124848  -0.00585923
 -0.01124848  -0.00585923     0.27140542  -0.00000000    -0.00895791   0.00000000
  0.01124848   0.00585923    -0.00895791   0.00000000     0.27140542  -0.00000000
    1    2
 -0.14724740   0.08847162    -0.06680196  -0.00127376     0.06680196   0.00127376
 -0.06680196  -0.00127376    -0.13743254   0.09105902    -0.09733745  -0.06457281
  0.06680196   0.00127376    -0.09733745  -0.06457281    -0.13743254   0.09105902
    2    1
 -0.14724740  -0.08847162    -0.06680196   0.00127376     0.06680196  -0.00127376
 -0.06680196   0.00127376    -0.13743254  -0.09105902    -0.09733745   0.06457281
  0.06680196  -0.00127376    -0.09733745   0.06457281    -0.13743254  -0.09105902
    2    2
  0.29715943  -0.00000000    -0.01124848  -0.00585923     0.01124848   0.00585923
 -0.01124848   0.00585923     0.27140542   0.00000000    -0.00895791  -0.00000000
  0.01124848  -0.00585923    -0.00895791  -0.00000000     0.27140542   0.00000000

     Dynamical  Matrix in cartesian axes

     q = (   -0.250000000   0.250000000  -0.500000000 ) 

    1    1
  0.27140542  -0.00000000    -0.00895791   0.00000000     0.01124848   0.00585923
 -0.00895791   0.00000000     0.27140542  -0.00000000    -0.01124848  -0.00585923
  0.01124848  -0.00585923    -0.01124848   0.00585923     0.29715943   0.00000000
    1    2
 -0.16156793  -0.03279103    -0.02316810  -0.11448784     0.04633544   0.04813680
 -0.02316810  -0.11448784    -0.16156793  -0.03279103    -0.04633544  -0.04813680
  0.04633544   0.04813680    -0.04633544  -0.04813680    -0.16667852  -0.04156075
    2    1
 -0.16156793   0.03279103    -0.02316810   0.11448784     0.04633544  -0.04813680
 -0.02316810   0.11448784    -0.16156793   0.03279103    -0.04633544   0.04813680
  0.04633544  -0.04813680    -0.04633544   0.04813680    -0.16667852   0.04156075
    2    2
  0.27140542   0.00000000    -0.00895791  -0.00000000     0.01124848  -0.00585923
 -0.00895791  -0.00000000     0.27140542   0.00000000    -0.01124848   0.00585923
  0.01124848   0.00585923    -0.01124848  -0.00585923     0.29715943  -0.00000000

     Dynamical  Matrix in cartesian axes

     q = (   -0.500000000  -0.250000000  -0.250000000 ) 

    1    1
  0.29715943  -0.00000000     0.01124848   0.00585923     0.01124848   0.00585923
  0.01124848  -0.00585923     0.27140542   0.00000000     0.00895791  -0.00000000
  0.01124848  -0.00585923     0.00895791   0.00000000     0.27140542   0.00000000
    1    2
 -0.16667852   0.04156075     0.04633544  -0.04813680     0.04633544  -0.04813680
  0.04633544  -0.04813680    -0.16156793   0.03279103     0.02316810  -0.11448784
  0.04633544  -0.04813680     0.02316810  -0.11448784    -0.16156793   0.03279103
    2    1
 -0.16667852  -0.04156075     0.04633544   0.04813680     0.04633544   0.04813680
  0.04633544   0.04813680    -0.16156793  -0.03279103     0.02316810   0.11448784
  0.04633544   0.04813680     0.02316810   0.11448784    -0.16156793  -0.03279103
    2    2
  0.29715943   0.00000000     0.01124848  -0.00585923     0.01124848  -0.00585923
  0.01124848   0.00585923     0.27140542  -0.00000000     0.00895791   0.00000000
  0.01124848   0.00585923     0.00895791  -0.00000000     0.27140542  -0.00000000

     Dynamical  Matrix in cartesian axes

     q = (    0.250000000   0.250000000  -0.500000000 ) 

    1    1
  0.27140542   0.00000000     0.00895791   0.00000000    -0.01124848   0.00585923
  0.00895791   0.00000000     0.27140542   0.00000000    -0.01124848   0.00585923
 -0.01124848  -0.00585923    -0.01124848  -0.00585923     0.29715943  -0.00000000
    1    2
 -0.13743254  -0.09105902     0.09733745  -0.06457281    -0.06680196   0.00127376
  0.09733745  -0.06457281    -0.13743254  -0.09105902    -0.06680196   0.00127376
 -0.06680196   0.00127376    -0.06680196   0.00127376    -0.14724740  -0.08847162
    2    1
 -0.13743254   0.09105902     0.09733745   0.06457281    -0.06680196  -0.00127376
  0.09733745   0.06457281    -0.13743254   0.09105902    -0.06680196  -0.00127376
 -0.06680196  -0.00127376    -0.06680196  -0.00127376    -0.14724740   0.08847162
    2    2
  0.27140542  -0.00000000     0.00895791  -0.00000000    -0.01124848  -0.00585923
  0.00895791  -0.00000000     0.27140542  -0.00000000    -0.01124848  -0.00585923
 -0.01124848   0.00585923    -0.01124848   0.00585923     0.29715943   0.00000000

     Dynamical  Matrix in cartesian axes

     q = (    0.500000000   0.250000000  -0.250000000 ) 

    1    1
  0.29715943  -0.00000000     0.01124848   0.00585923    -0.01124848  -0.00585923
  0.01124848  -0.00585923     0.27140542   0.00000000    -0.00895791  -0.00000000
 -0.01124848   0.00585923    -0.00895791  -0.00000000     0.27140542   0.00000000
    1    2
 -0.14724740  -0.08847162     0.06680196  -0.00127376    -0.06680196   0.00127376
  0.06680196  -0.00127376    -0.13743254  -0.09105902    -0.09733745   0.06457281
 -0.06680196   0.00127376    -0.09733745   0.06457281    -0.13743254  -0.09105902
    2    1
 -0.14724740   0.08847162     0.06680196   0.00127376    -0.06680196  -0.00127376
  0.06680196   0.00127376    -0.13743254   0.09105902    -0.09733745  -0.06457281
 -0.06680196  -0.00127376    -0.09733745  -0.06457281    -0.13743254   0.09105902
    2    2
  0.29715943   0.00000000     0.01124848  -0.00585923    -0.01124848   0.00585923
  0.01124848   0.00585923     0.27140542  -0.00000000    -0.00895791   0.00000000
 -0.01124848  -0.00585923    -0.00895791   0.00000000     0.27140542  -0.00000000

     Dynamical  Matrix in cartesian axes

     q = (   -0.250000000  -0.250000000  -0.500000000 ) 

    1    1
  0.27140542   0.00000000     0.00895791   0.00000000     0.01124848  -0.00585923
  0.00895791   0.00000000     0.27140542   0.00000000     0.01124848  -0.00585923
  0.01124848   0.00585923     0.01124848   0.00585923     0.29715943  -0.00000000
    1    2
 -0.13743254  -0.09105902     0.09733745  -0.06457281     0.06680196  -0.00127376
  0.09733745  -0.06457281    -0.13743254  -0.09105902     0.06680196  -0.00127376
  0.06680196  -0.00127376     0.06680196  -0.00127376    -0.14724740  -0.08847162
    2    1
 -0.13743254   0.09105902     0.09733745   0.06457281     0.06680196   0.00127376
  0.09733745   0.06457281    -0.13743254   0.09105902     0.06680196   0.00127376
  0.06680196   0.00127376     0.06680196   0.00127376    -0.14724740   0.08847162
    2    2
  0.27140542  -0.00000000     0.00895791  -0.00000000     0.01124848   0.00585923
  0.00895791  -0.00000000     0.27140542  -0.00000000     0.01124848   0.00585923
  0.01124848  -0.00585923     0.01124848  -0.00585923     0.29715943   0.00000000

     Dynamical  Matrix in cartesian axes

     q = (   -0.500000000   0.250000000   0.250000000 ) 

    1    1
  0.29715943  -0.00000000    -0.01124848  -0.00585923    -0.01124848  -0.00585923
 -0.01124848   0.00585923     0.27140542   0.00000000     0.00895791   0.00000000
 -0.01124848   0.00585923     0.00895791  -0.00000000     0.27140542   0.00000000
    1    2
  0.04156075   0.16667852     0.04813680   0.04633544     0.04813680   0.04633544
  0.04813680   0.04633544     0.03279103   0.16156793    -0.11448784  -0.02316810
  0.04813680   0.04633544    -0.11448784  -0.02316810     0.03279103   0.16156793
    2    1
  0.04156075  -0.16667852     0.04813680  -0.04633544     0.04813680  -0.04633544
  0.04813680  -0.04633544     0.03279103  -0.16156793    -0.11448784   0.02316810
  0.04813680  -0.04633544    -0.11448784   0.02316810     0.03279103  -0.16156793
    2    2
  0.29715943   0.00000000    -0.01124848   0.00585923    -0.01124848   0.00585923
 -0.01124848  -0.00585923     0.27140542  -0.00000000     0.00895791  -0.00000000
 -0.01124848  -0.00585923     0.00895791   0.00000000     0.27140542  -0.00000000

     Dynamical  Matrix in cartesian axes

     q = (   -0.250000000   0.250000000   0.500000000 ) 

    1    1
  0.27140542   0.00000000    -0.00895791  -0.00000000    -0.01124848   0.00585923
 -0.00895791  -0.00000000     0.27140542   0.00000000     0.01124848  -0.00585923
 -0.01124848  -0.00585923     0.01124848   0.00585923     0.29715943  -0.00000000
    1    2
  0.03279103   0.16156793     0.11448784   0.02316810     0.04813680   0.04633544
  0.11448784   0.02316810     0.03279103   0.16156793    -0.04813680  -0.04633544
  0.04813680   0.04633544    -0.04813680  -0.04633544     0.04156075   0.16667852
    2    1
  0.03279103  -0.16156793     0.11448784  -0.02316810     0.04813680  -0.04633544
  0.11448784  -0.02316810     0.03279103  -0.16156793    -0.04813680   0.04633544
  0.04813680  -0.04633544    -0.04813680   0.04633544     0.04156075  -0.16667852
    2    2
  0.27140542  -0.00000000    -0.00895791   0.00000000    -0.01124848  -0.00585923
 -0.00895791   0.00000000     0.27140542  -0.00000000     0.01124848   0.00585923
 -0.01124848   0.00585923     0.01124848  -0.00585923     0.29715943   0.00000000

     Diagonalizing the dynamical matrix

     q = (   -0.250000000   0.500000000  -0.250000000 ) 

 **************************************************************************
     freq (    1) =       3.327527 [THz] =     110.994367 [cm-1]
 ( -0.496848  0.056053 -0.000000  0.000000  0.496848 -0.056053 ) 
 ( -0.500000 -0.000000 -0.000000  0.000000  0.500000  0.000000 ) 
     freq (    2) =       4.224167 [THz] =     140.903047 [cm-1]
 (  0.222495 -0.268838  0.420527 -0.282137  0.222495 -0.268838 ) 
 (  0.348967  0.000000  0.485474 -0.144082  0.348967  0.000000 ) 
     freq (    3) =       8.340521 [THz] =     278.209835 [cm-1]
 (  0.145803  0.341775  0.019344 -0.472746  0.145803  0.341775 ) 
 ( -0.371576 -0.000000  0.427241 -0.203294 -0.371576  0.000000 ) 
     freq (    4) =      13.569151 [THz] =     452.618160 [cm-1]
 (  0.082087  0.365110  0.008316 -0.468874  0.082087  0.365110 ) 
 (  0.374224 -0.000000 -0.455631  0.110963  0.374224  0.000000 ) 
     freq (    5) =      14.520834 [THz] =     484.362887 [cm-1]
 (  0.496848 -0.056053  0.000000 -0.000000 -0.496848  0.056053 ) 
 ( -0.500000  0.000000 -0.000000  0.000000  0.500000  0.000000 ) 
     freq (    6) =      14.725036 [THz] =     491.174329 [cm-1]
 (  0.171256 -0.266047  0.450929 -0.310554  0.171256 -0.266047 ) 
 ( -0.316401  0.000000 -0.505201  0.211074 -0.316401  0.000000 ) 
 **************************************************************************
