Dynamical matrix file
default                                                                    
  1    2   2  10.2273000   0.0000000   0.0000000   0.0000000   0.0000000   0.0000000
           1  'Si  '    25598.3672898282     
    1    1     -0.2500000000      0.2500000000      0.2500000000
    2    1     -0.5000000000      0.5000000000      0.5000000000

     Dynamical  Matrix in cartesian axes

     q = (   -0.250000000   0.250000000  -0.250000000 ) 

    1    1
  0.28343145   0.00000000    -0.01166889  -0.00000000     0.01166889   0.00000000
 -0.01166889  -0.00000000     0.28343145   0.00000000    -0.01166889  -0.00000000
  0.01166889   0.00000000    -0.01166889  -0.00000000     0.28343145   0.00000000
    1    2
 -0.21091902   0.06176795    -0.04371395  -0.04494621     0.04371395   0.04494621
 -0.04371395  -0.04494621    -0.21091902   0.06176795    -0.04371395  -0.04494621
  0.04371395   0.04494621    -0.04371395  -0.04494621    -0.21091902   0.06176795
    2    1
 -0.21091902  -0.06176795    -0.04371395   0.04494621     0.04371395  -0.04494621
 -0.04371395   0.04494621    -0.21091902  -0.06176795    -0.04371395   0.04494621
  0.04371395  -0.04494621    -0.04371395   0.04494621    -0.21091902  -0.06176795
    2    2
  0.28343145  -0.00000000    -0.01166889   0.00000000     0.01166889  -0.00000000
 -0.01166889   0.00000000     0.28343145  -0.00000000    -0.01166889   0.00000000
  0.01166889  -0.00000000    -0.01166889   0.00000000     0.28343145  -0.00000000

     Dynamical  Matrix in cartesian axes

     q = (    0.250000000  -0.250000000  -0.250000000 ) 

    1    1
  0.28343145   0.00000000    -0.01166889   0.00000000    -0.01166889  -0.00000000
 -0.01166889   0.00000000     0.28343145   0.00000000     0.01166889  -0.00000000
 -0.01166889   0.00000000     0.01166889  -0.00000000     0.28343145   0.00000000
    1    2
 -0.06176795  -0.21091902     0.04494621  -0.04371395     0.04494621  -0.04371395
  0.04494621  -0.04371395    -0.06176795  -0.21091902    -0.04494621   0.04371395
  0.04494621  -0.04371395    -0.04494621   0.04371395    -0.06176795  -0.21091902
    2    1
 -0.06176795   0.21091902     0.04494621   0.04371395     0.04494621   0.04371395
  0.04494621   0.04371395    -0.06176795   0.21091902    -0.04494621  -0.04371395
  0.04494621   0.04371395    -0.04494621  -0.04371395    -0.06176795   0.21091902
    2    2
  0.28343145  -0.00000000    -0.01166889   0.00000000    -0.01166889   0.00000000
 -0.01166889   0.00000000     0.28343145  -0.00000000     0.01166889  -0.00000000
 -0.01166889   0.00000000     0.01166889  -0.00000000     0.28343145  -0.00000000

     Dynamical  Matrix in cartesian axes

     q = (    0.250000000  -0.250000000   0.250000000 ) 

    1    1
  0.28343145  -0.00000000    -0.01166889   0.00000000     0.01166889  -0.00000000
 -0.01166889   0.00000000     0.28343145  -0.00000000    -0.01166889   0.00000000
  0.01166889  -0.00000000    -0.01166889   0.00000000     0.28343145  -0.00000000
    1    2
 -0.21091902  -0.06176795    -0.04371395   0.04494621     0.04371395  -0.04494621
 -0.04371395   0.04494621    -0.21091902  -0.06176795    -0.04371395   0.04494621
  0.04371395  -0.04494621    -0.04371395   0.04494621    -0.21091902  -0.06176795
    2    1
 -0.21091902   0.06176795    -0.04371395  -0.04494621     0.04371395   0.04494621
 -0.04371395  -0.04494621    -0.21091902   0.06176795    -0.04371395  -0.04494621
  0.04371395   0.04494621    -0.04371395  -0.04494621    -0.21091902   0.06176795
    2    2
  0.28343145   0.00000000    -0.01166889  -0.00000000     0.01166889   0.00000000
 -0.01166889  -0.00000000     0.28343145   0.00000000    -0.01166889  -0.00000000
  0.01166889   0.00000000    -0.01166889  -0.00000000     0.28343145   0.00000000

     Dynamical  Matrix in cartesian axes

     q = (   -0.250000000   0.250000000   0.250000000 ) 

    1    1
  0.28343145  -0.00000000    -0.01166889   0.00000000    -0.01166889   0.00000000
 -0.01166889   0.00000000     0.28343145  -0.00000000     0.01166889  -0.00000000
 -0.01166889   0.00000000     0.01166889  -0.00000000     0.28343145  -0.00000000
    1    2
 -0.06176795   0.21091902     0.04494621   0.04371395     0.04494621   0.04371395
  0.04494621   0.04371395    -0.06176795   0.21091902    -0.04494621  -0.04371395
  0.04494621   0.04371395    -0.04494621  -0.04371395    -0.06176795   0.21091902
    2    1
 -0.06176795  -0.21091902     0.04494621  -0.04371395     0.04494621  -0.04371395
  0.04494621  -0.04371395    -0.06176795  -0.21091902    -0.04494621   0.04371395
  0.04494621  -0.04371395    -0.04494621   0.04371395    -0.06176795  -0.21091902
    2    2
  0.28343145   0.00000000    -0.01166889  -0.00000000    -0.01166889  -0.00000000
 -0.01166889   0.00000000     0.28343145   0.00000000     0.01166889  -0.00000000
 -0.01166889  -0.00000000     0.01166889  -0.00000000     0.28343145   0.00000000

     Dynamical  Matrix in cartesian axes

     q = (    0.250000000   0.250000000  -0.250000000 ) 

    1    1
  0.28343145  -0.00000000     0.01166889  -0.00000000    -0.01166889   0.00000000
  0.01166889  -0.00000000     0.28343145  -0.00000000    -0.01166889   0.00000000
 -0.01166889   0.00000000    -0.01166889   0.00000000     0.28343145  -0.00000000
    1    2
 -0.21091902  -0.06176795     0.04371395  -0.04494621    -0.04371395   0.04494621
  0.04371395  -0.04494621    -0.21091902  -0.06176795    -0.04371395   0.04494621
 -0.04371395   0.04494621    -0.04371395   0.04494621    -0.21091902  -0.06176795
    2    1
 -0.21091902   0.06176795     0.04371395   0.04494621    -0.04371395  -0.04494621
  0.04371395   0.04494621    -0.21091902   0.06176795    -0.04371395  -0.04494621
 -0.04371395  -0.04494621    -0.04371395  -0.04494621    -0.21091902   0.06176795
    2    2
  0.28343145   0.00000000     0.01166889   0.00000000    -0.01166889  -0.00000000
  0.01166889   0.00000000     0.28343145   0.00000000    -0.01166889  -0.00000000
 -0.01166889  -0.00000000    -0.01166889  -0.00000000     0.28343145   0.00000000

     Dynamical  Matrix in cartesian axes

     q = (   -0.250000000  -0.250000000  -0.250000000 ) 

    1    1
  0.28343145  -0.00000000     0.01166889  -0.00000000     0.01166889  -0.00000000
  0.01166889  -0.00000000     0.28343145  -0.00000000     0.01166889  -0.00000000
  0.01166889  -0.00000000     0.01166889  -0.00000000     0.28343145  -0.00000000
    1    2
 -0.21091902  -0.06176795     0.04371395  -0.04494621     0.04371395  -0.04494621
  0.04371395  -0.04494621    -0.21091902  -0.06176795     0.04371395  -0.04494621
  0.04371395  -0.04494621     0.04371395  -0.04494621    -0.21091902  -0.06176795
    2    1
 -0.21091902   0.06176795     0.04371395   0.04494621     0.04371395   0.04494621
  0.04371395   0.04494621    -0.21091902   0.06176795     0.04371395   0.04494621
  0.04371395   0.04494621     0.04371395   0.04494621    -0.21091902   0.06176795
    2    2
  0.28343145   0.00000000     0.01166889   0.00000000     0.01166889   0.00000000
  0.01166889   0.00000000     0.28343145   0.00000000     0.01166889   0.00000000
  0.01166889   0.00000000     0.01166889   0.00000000     0.28343145   0.00000000

     Dynamical  Matrix in cartesian axes

     q = (   -0.250000000  -0.250000000   0.250000000 ) 

    1    1
  0.28343145   0.00000000     0.01166889   0.00000000    -0.01166889  -0.00000000
  0.01166889   0.00000000     0.28343145   0.00000000    -0.01166889  -0.00000000
 -0.01166889  -0.00000000    -0.01166889  -0.00000000     0.28343145   0.00000000
    1    2
 -0.21091902   0.06176795     0.04371395   0.04494621    -0.04371395  -0.04494621
  0.04371395   0.04494621    -0.21091902   0.06176795    -0.04371395  -0.04494621
 -0.04371395  -0.04494621    -0.04371395  -0.04494621    -0.21091902   0.06176795
    2    1
 -0.21091902  -0.06176795     0.04371395  -0.04494621    -0.04371395   0.04494621
  0.04371395  -0.04494621    -0.21091902  -0.06176795    -0.04371395   0.04494621
 -0.04371395   0.04494621    -0.04371395   0.04494621    -0.21091902  -0.06176795
    2    2
  0.28343145  -0.00000000     0.01166889  -0.00000000    -0.01166889   0.00000000
  0.01166889  -0.00000000     0.28343145  -0.00000000    -0.01166889   0.00000000
 -0.01166889   0.00000000    -0.01166889   0.00000000     0.28343145  -0.00000000

     Dynamical  Matrix in cartesian axes

     q = (    0.250000000   0.250000000   0.250000000 ) 

    1    1
  0.28343145   0.00000000     0.01166889   0.00000000     0.01166889   0.00000000
  0.01166889   0.00000000     0.28343145   0.00000000     0.01166889   0.00000000
  0.01166889   0.00000000     0.01166889   0.00000000     0.28343145   0.00000000
    1    2
 -0.21091902   0.06176795     0.04371395   0.04494621     0.04371395   0.04494621
  0.04371395   0.04494621    -0.21091902   0.06176795     0.04371395   0.04494621
  0.04371395   0.04494621     0.04371395   0.04494621    -0.21091902   0.06176795
    2    1
 -0.21091902  -0.06176795     0.04371395  -0.04494621     0.04371395  -0.04494621
  0.04371395  -0.04494621    -0.21091902  -0.06176795     0.04371395  -0.04494621
  0.04371395  -0.04494621     0.04371395  -0.04494621    -0.21091902  -0.06176795
    2    2
  0.28343145  -0.00000000     0.01166889  -0.00000000     0.01166889  -0.00000000
  0.01166889  -0.00000000     0.28343145  -0.00000000     0.01166889  -0.00000000
  0.01166889  -0.00000000     0.01166889  -0.00000000     0.28343145  -0.00000000

     Diagonalizing the dynamical matrix

     q = (   -0.250000000   0.250000000  -0.250000000 ) 

 **************************************************************************
     freq (    1) =       2.647218 [THz] =      88.301689 [cm-1]
 ( -0.286127 -0.272519  0.180929 -0.303374  0.467056 -0.030855 ) 
 ( -0.267541 -0.290787  0.200533 -0.290787  0.468074  0.000000 ) 
     freq (    2) =       2.647218 [THz] =      88.301689 [cm-1]
 ( -0.095787  0.409906  0.241472  0.387626  0.337259 -0.022280 ) 
 ( -0.122599  0.402700  0.215395  0.402700  0.337994  0.000000 ) 
     freq (    3) =       6.856513 [THz] =     228.708670 [cm-1]
 ( -0.257774  0.316574  0.257774 -0.316574 -0.257774  0.316574 ) 
 ( -0.408248 -0.000000  0.408248 -0.000000 -0.408248  0.000000 ) 
     freq (    4) =      14.573743 [THz] =     486.127731 [cm-1]
 (  0.257774 -0.316574 -0.257774  0.316574  0.257774 -0.316574 ) 
 ( -0.408248  0.000000  0.408248  0.000000 -0.408248  0.000000 ) 
     freq (    5) =      14.926358 [THz] =     497.889694 [cm-1]
 ( -0.534270  0.160771 -0.375068  0.150254  0.159202 -0.010517 ) 
 (  0.543706 -0.125203  0.384157 -0.125203 -0.159549  0.000000 ) 
     freq (    6) =      14.926358 [THz] =     497.889694 [cm-1]
 (  0.146092  0.026429 -0.407568  0.063005 -0.553660  0.036576 ) 
 ( -0.144032 -0.036001  0.410835 -0.036001  0.554867  0.000000 ) 
 **************************************************************************
