Dynamical matrix file
default                                                                    
  1    2   2  10.2273000   0.0000000   0.0000000   0.0000000   0.0000000   0.0000000
           1  'Si  '    25598.3672898282     
    1    1     -0.2500000000      0.2500000000      0.2500000000
    2    1     -0.5000000000      0.5000000000      0.5000000000

     Dynamical  Matrix in cartesian axes

     q = (    0.625000000  -0.375000000   0.625000000 ) 

    1    1
  0.27576554   0.00000000    -0.01417990  -0.00646831     0.01334858   0.00000000
 -0.01417990   0.00646831     0.29443685   0.00000000    -0.01417990   0.00646831
  0.01334858   0.00000000    -0.01417990  -0.00646831     0.27576554   0.00000000
    1    2
 -0.12098177   0.04853181    -0.08358500   0.03201310     0.11303990   0.02909139
 -0.08358500   0.03201310    -0.13150268   0.04470753    -0.08358500   0.03201310
  0.11303990   0.02909139    -0.08358500   0.03201310    -0.12098177   0.04853181
    2    1
 -0.12098177  -0.04853181    -0.08358500  -0.03201310     0.11303990  -0.02909139
 -0.08358500  -0.03201310    -0.13150268  -0.04470753    -0.08358500  -0.03201310
  0.11303990  -0.02909139    -0.08358500  -0.03201310    -0.12098177  -0.04853181
    2    2
  0.27576554   0.00000000    -0.01417990   0.00646831     0.01334858   0.00000000
 -0.01417990  -0.00646831     0.29443685   0.00000000    -0.01417990  -0.00646831
  0.01334858   0.00000000    -0.01417990   0.00646831     0.27576554   0.00000000

     Dynamical  Matrix in cartesian axes

     q = (    0.625000000  -0.375000000  -0.625000000 ) 

    1    1
  0.27576554   0.00000000    -0.01417990   0.00646831    -0.01334858   0.00000000
 -0.01417990  -0.00646831     0.29443685   0.00000000     0.01417990   0.00646831
 -0.01334858   0.00000000     0.01417990  -0.00646831     0.27576554   0.00000000
    1    2
  0.12098177   0.04853181     0.08358500   0.03201310     0.11303990  -0.02909139
  0.08358500   0.03201310     0.13150268   0.04470753    -0.08358500  -0.03201310
  0.11303990  -0.02909139    -0.08358500  -0.03201310     0.12098177   0.04853181
    2    1
  0.12098177  -0.04853181     0.08358500  -0.03201310     0.11303990   0.02909139
  0.08358500  -0.03201310     0.13150268  -0.04470753    -0.08358500   0.03201310
  0.11303990   0.02909139    -0.08358500   0.03201310     0.12098177  -0.04853181
    2    2
  0.27576554   0.00000000    -0.01417990  -0.00646831    -0.01334858   0.00000000
 -0.01417990   0.00646831     0.29443685   0.00000000     0.01417990  -0.00646831
 -0.01334858   0.00000000     0.01417990   0.00646831     0.27576554   0.00000000

     Dynamical  Matrix in cartesian axes

     q = (   -0.625000000  -0.375000000   0.625000000 ) 

    1    1
  0.27576554   0.00000000     0.01417990  -0.00646831    -0.01334858   0.00000000
  0.01417990   0.00646831     0.29443685   0.00000000    -0.01417990  -0.00646831
 -0.01334858   0.00000000    -0.01417990   0.00646831     0.27576554   0.00000000
    1    2
 -0.11986420   0.05122986     0.08174020  -0.03646684    -0.05936057   0.10050200
  0.08174020  -0.03646684    -0.12459944   0.06137344    -0.08174020   0.03646684
 -0.05936057   0.10050200    -0.08174020   0.03646684    -0.11986420   0.05122986
    2    1
 -0.11986420  -0.05122986     0.08174020   0.03646684    -0.05936057  -0.10050200
  0.08174020   0.03646684    -0.12459944  -0.06137344    -0.08174020  -0.03646684
 -0.05936057  -0.10050200    -0.08174020  -0.03646684    -0.11986420  -0.05122986
    2    2
  0.27576554   0.00000000     0.01417990   0.00646831    -0.01334858   0.00000000
  0.01417990  -0.00646831     0.29443685   0.00000000    -0.01417990   0.00646831
 -0.01334858   0.00000000    -0.01417990  -0.00646831     0.27576554   0.00000000

     Dynamical  Matrix in cartesian axes

     q = (   -0.625000000  -0.375000000  -0.625000000 ) 

    1    1
  0.27576554   0.00000000     0.01417990   0.00646831     0.01334858   0.00000000
  0.01417990  -0.00646831     0.29443685   0.00000000     0.01417990  -0.00646831
  0.01334858   0.00000000     0.01417990   0.00646831     0.27576554   0.00000000
    1    2
 -0.12098177   0.04853181     0.08358500  -0.03201310     0.11303990   0.02909139
  0.08358500  -0.03201310    -0.13150268   0.04470753     0.08358500  -0.03201310
  0.11303990   0.02909139     0.08358500  -0.03201310    -0.12098177   0.04853181
    2    1
 -0.12098177  -0.04853181     0.08358500   0.03201310     0.11303990  -0.02909139
  0.08358500   0.03201310    -0.13150268  -0.04470753     0.08358500   0.03201310
  0.11303990  -0.02909139     0.08358500   0.03201310    -0.12098177  -0.04853181
    2    2
  0.27576554   0.00000000     0.01417990  -0.00646831     0.01334858   0.00000000
  0.01417990   0.00646831     0.29443685   0.00000000     0.01417990   0.00646831
  0.01334858   0.00000000     0.01417990  -0.00646831     0.27576554   0.00000000

     Dynamical  Matrix in cartesian axes

     q = (   -0.625000000   0.375000000  -0.625000000 ) 

    1    1
  0.27576554   0.00000000    -0.01417990   0.00646831     0.01334858   0.00000000
 -0.01417990  -0.00646831     0.29443685   0.00000000    -0.01417990  -0.00646831
  0.01334858   0.00000000    -0.01417990   0.00646831     0.27576554   0.00000000
    1    2
 -0.12098177  -0.04853181    -0.08358500  -0.03201310     0.11303990  -0.02909139
 -0.08358500  -0.03201310    -0.13150268  -0.04470753    -0.08358500  -0.03201310
  0.11303990  -0.02909139    -0.08358500  -0.03201310    -0.12098177  -0.04853181
    2    1
 -0.12098177   0.04853181    -0.08358500   0.03201310     0.11303990   0.02909139
 -0.08358500   0.03201310    -0.13150268   0.04470753    -0.08358500   0.03201310
  0.11303990   0.02909139    -0.08358500   0.03201310    -0.12098177   0.04853181
    2    2
  0.27576554   0.00000000    -0.01417990  -0.00646831     0.01334858   0.00000000
 -0.01417990   0.00646831     0.29443685   0.00000000    -0.01417990   0.00646831
  0.01334858   0.00000000    -0.01417990  -0.00646831     0.27576554   0.00000000

     Dynamical  Matrix in cartesian axes

     q = (   -0.375000000   0.625000000  -0.625000000 ) 

    1    1
  0.29443685   0.00000000    -0.01417990  -0.00646831     0.01417990   0.00646831
 -0.01417990   0.00646831     0.27576554   0.00000000    -0.01334858   0.00000000
  0.01417990  -0.00646831    -0.01334858   0.00000000     0.27576554   0.00000000
    1    2
 -0.13150268  -0.04470753    -0.08358500  -0.03201310     0.08358500   0.03201310
 -0.08358500  -0.03201310    -0.12098177  -0.04853181    -0.11303990   0.02909139
  0.08358500   0.03201310    -0.11303990   0.02909139    -0.12098177  -0.04853181
    2    1
 -0.13150268   0.04470753    -0.08358500   0.03201310     0.08358500  -0.03201310
 -0.08358500   0.03201310    -0.12098177   0.04853181    -0.11303990  -0.02909139
  0.08358500  -0.03201310    -0.11303990  -0.02909139    -0.12098177   0.04853181
    2    2
  0.29443685   0.00000000    -0.01417990   0.00646831     0.01417990  -0.00646831
 -0.01417990  -0.00646831     0.27576554   0.00000000    -0.01334858   0.00000000
  0.01417990   0.00646831    -0.01334858   0.00000000     0.27576554   0.00000000

     Dynamical  Matrix in cartesian axes

     q = (   -0.625000000   0.625000000  -0.375000000 ) 

    1    1
  0.27576554   0.00000000    -0.01334858   0.00000000     0.01417990  -0.00646831
 -0.01334858   0.00000000     0.27576554   0.00000000    -0.01417990   0.00646831
  0.01417990   0.00646831    -0.01417990  -0.00646831     0.29443685   0.00000000
    1    2
 -0.11986420   0.05122986    -0.05936057   0.10050200     0.08174020  -0.03646684
 -0.05936057   0.10050200    -0.11986420   0.05122986    -0.08174020   0.03646684
  0.08174020  -0.03646684    -0.08174020   0.03646684    -0.12459944   0.06137344
    2    1
 -0.11986420  -0.05122986    -0.05936057  -0.10050200     0.08174020   0.03646684
 -0.05936057  -0.10050200    -0.11986420  -0.05122986    -0.08174020  -0.03646684
  0.08174020   0.03646684    -0.08174020  -0.03646684    -0.12459944  -0.06137344
    2    2
  0.27576554   0.00000000    -0.01334858   0.00000000     0.01417990   0.00646831
 -0.01334858   0.00000000     0.27576554   0.00000000    -0.01417990  -0.00646831
  0.01417990  -0.00646831    -0.01417990   0.00646831     0.29443685   0.00000000

     Dynamical  Matrix in cartesian axes

     q = (    0.625000000   0.375000000   0.625000000 ) 

    1    1
  0.27576554   0.00000000     0.01417990  -0.00646831     0.01334858   0.00000000
  0.01417990   0.00646831     0.29443685   0.00000000     0.01417990   0.00646831
  0.01334858   0.00000000     0.01417990  -0.00646831     0.27576554   0.00000000
    1    2
 -0.12098177  -0.04853181     0.08358500   0.03201310     0.11303990  -0.02909139
  0.08358500   0.03201310    -0.13150268  -0.04470753     0.08358500   0.03201310
  0.11303990  -0.02909139     0.08358500   0.03201310    -0.12098177  -0.04853181
    2    1
 -0.12098177   0.04853181     0.08358500  -0.03201310     0.11303990   0.02909139
  0.08358500  -0.03201310    -0.13150268   0.04470753     0.08358500  -0.03201310
  0.11303990   0.02909139     0.08358500  -0.03201310    -0.12098177   0.04853181
    2    2
  0.27576554   0.00000000     0.01417990   0.00646831     0.01334858   0.00000000
  0.01417990  -0.00646831     0.29443685   0.00000000     0.01417990  -0.00646831
  0.01334858   0.00000000     0.01417990   0.00646831     0.27576554   0.00000000

     Dynamical  Matrix in cartesian axes

     q = (   -0.625000000   0.375000000   0.625000000 ) 

    1    1
  0.27576554   0.00000000    -0.01417990  -0.00646831    -0.01334858   0.00000000
 -0.01417990   0.00646831     0.29443685   0.00000000     0.01417990  -0.00646831
 -0.01334858   0.00000000     0.01417990   0.00646831     0.27576554   0.00000000
    1    2
  0.12098177  -0.04853181     0.08358500  -0.03201310     0.11303990   0.02909139
  0.08358500  -0.03201310     0.13150268  -0.04470753    -0.08358500   0.03201310
  0.11303990   0.02909139    -0.08358500   0.03201310     0.12098177  -0.04853181
    2    1
  0.12098177   0.04853181     0.08358500   0.03201310     0.11303990  -0.02909139
  0.08358500   0.03201310     0.13150268   0.04470753    -0.08358500  -0.03201310
  0.11303990  -0.02909139    -0.08358500  -0.03201310     0.12098177   0.04853181
    2    2
  0.27576554   0.00000000    -0.01417990   0.00646831    -0.01334858   0.00000000
 -0.01417990  -0.00646831     0.29443685   0.00000000     0.01417990   0.00646831
 -0.01334858   0.00000000     0.01417990  -0.00646831     0.27576554   0.00000000

     Dynamical  Matrix in cartesian axes

     q = (    0.625000000   0.375000000  -0.625000000 ) 

    1    1
  0.27576554   0.00000000     0.01417990   0.00646831    -0.01334858   0.00000000
  0.01417990  -0.00646831     0.29443685   0.00000000    -0.01417990   0.00646831
 -0.01334858   0.00000000    -0.01417990  -0.00646831     0.27576554   0.00000000
    1    2
 -0.11986420  -0.05122986     0.08174020   0.03646684    -0.05936057  -0.10050200
  0.08174020   0.03646684    -0.12459944  -0.06137344    -0.08174020  -0.03646684
 -0.05936057  -0.10050200    -0.08174020  -0.03646684    -0.11986420  -0.05122986
    2    1
 -0.11986420   0.05122986     0.08174020  -0.03646684    -0.05936057   0.10050200
  0.08174020  -0.03646684    -0.12459944   0.06137344    -0.08174020   0.03646684
 -0.05936057   0.10050200    -0.08174020   0.03646684    -0.11986420   0.05122986
    2    2
  0.27576554   0.00000000     0.01417990  -0.00646831    -0.01334858   0.00000000
  0.01417990   0.00646831     0.29443685   0.00000000    -0.01417990  -0.00646831
 -0.01334858   0.00000000    -0.01417990   0.00646831     0.27576554   0.00000000

     Dynamical  Matrix in cartesian axes

     q = (   -0.625000000   0.625000000   0.375000000 ) 

    1    1
  0.27576554   0.00000000    -0.01334858   0.00000000    -0.01417990  -0.00646831
 -0.01334858   0.00000000     0.27576554   0.00000000     0.01417990   0.00646831
 -0.01417990   0.00646831     0.01417990  -0.00646831     0.29443685   0.00000000
    1    2
  0.12098177  -0.04853181     0.11303990   0.02909139     0.08358500  -0.03201310
  0.11303990   0.02909139     0.12098177  -0.04853181    -0.08358500   0.03201310
  0.08358500  -0.03201310    -0.08358500   0.03201310     0.13150268  -0.04470753
    2    1
  0.12098177   0.04853181     0.11303990  -0.02909139     0.08358500   0.03201310
  0.11303990  -0.02909139     0.12098177   0.04853181    -0.08358500  -0.03201310
  0.08358500   0.03201310    -0.08358500  -0.03201310     0.13150268   0.04470753
    2    2
  0.27576554   0.00000000    -0.01334858   0.00000000    -0.01417990   0.00646831
 -0.01334858   0.00000000     0.27576554   0.00000000     0.01417990  -0.00646831
 -0.01417990  -0.00646831     0.01417990   0.00646831     0.29443685   0.00000000

     Dynamical  Matrix in cartesian axes

     q = (   -0.375000000   0.625000000   0.625000000 ) 

    1    1
  0.29443685   0.00000000    -0.01417990   0.00646831    -0.01417990   0.00646831
 -0.01417990  -0.00646831     0.27576554   0.00000000     0.01334858   0.00000000
 -0.01417990  -0.00646831     0.01334858   0.00000000     0.27576554   0.00000000
    1    2
  0.13150268  -0.04470753     0.08358500  -0.03201310     0.08358500  -0.03201310
  0.08358500  -0.03201310     0.12098177  -0.04853181    -0.11303990  -0.02909139
  0.08358500  -0.03201310    -0.11303990  -0.02909139     0.12098177  -0.04853181
    2    1
  0.13150268   0.04470753     0.08358500   0.03201310     0.08358500   0.03201310
  0.08358500   0.03201310     0.12098177   0.04853181    -0.11303990   0.02909139
  0.08358500   0.03201310    -0.11303990   0.02909139     0.12098177   0.04853181
    2    2
  0.29443685   0.00000000    -0.01417990  -0.00646831    -0.01417990  -0.00646831
 -0.01417990   0.00646831     0.27576554   0.00000000     0.01334858   0.00000000
 -0.01417990   0.00646831     0.01334858   0.00000000     0.27576554   0.00000000

     Dynamical  Matrix in cartesian axes

     q = (    0.375000000   0.625000000  -0.625000000 ) 

    1    1
  0.29443685   0.00000000     0.01417990  -0.00646831    -0.01417990   0.00646831
  0.01417990   0.00646831     0.27576554   0.00000000    -0.01334858   0.00000000
 -0.01417990  -0.00646831    -0.01334858   0.00000000     0.27576554   0.00000000
    1    2
 -0.13150268   0.04470753     0.08358500  -0.03201310    -0.08358500   0.03201310
  0.08358500  -0.03201310    -0.12098177   0.04853181    -0.11303990  -0.02909139
 -0.08358500   0.03201310    -0.11303990  -0.02909139    -0.12098177   0.04853181
    2    1
 -0.13150268  -0.04470753     0.08358500   0.03201310    -0.08358500  -0.03201310
  0.08358500   0.03201310    -0.12098177  -0.04853181    -0.11303990   0.02909139
 -0.08358500  -0.03201310    -0.11303990   0.02909139    -0.12098177  -0.04853181
    2    2
  0.29443685   0.00000000     0.01417990   0.00646831    -0.01417990  -0.00646831
  0.01417990  -0.00646831     0.27576554   0.00000000    -0.01334858   0.00000000
 -0.01417990   0.00646831    -0.01334858   0.00000000     0.27576554   0.00000000

     Dynamical  Matrix in cartesian axes

     q = (   -0.375000000  -0.625000000  -0.625000000 ) 

    1    1
  0.29443685   0.00000000     0.01417990  -0.00646831     0.01417990  -0.00646831
  0.01417990   0.00646831     0.27576554   0.00000000     0.01334858   0.00000000
  0.01417990   0.00646831     0.01334858   0.00000000     0.27576554   0.00000000
    1    2
 -0.12459944  -0.06137344     0.08174020   0.03646684     0.08174020   0.03646684
  0.08174020   0.03646684    -0.11986420  -0.05122986     0.05936057   0.10050200
  0.08174020   0.03646684     0.05936057   0.10050200    -0.11986420  -0.05122986
    2    1
 -0.12459944   0.06137344     0.08174020  -0.03646684     0.08174020  -0.03646684
  0.08174020  -0.03646684    -0.11986420   0.05122986     0.05936057  -0.10050200
  0.08174020  -0.03646684     0.05936057  -0.10050200    -0.11986420   0.05122986
    2    2
  0.29443685   0.00000000     0.01417990   0.00646831     0.01417990   0.00646831
  0.01417990  -0.00646831     0.27576554   0.00000000     0.01334858   0.00000000
  0.01417990  -0.00646831     0.01334858   0.00000000     0.27576554   0.00000000

     Dynamical  Matrix in cartesian axes

     q = (    0.625000000   0.625000000  -0.375000000 ) 

    1    1
  0.27576554   0.00000000     0.01334858   0.00000000    -0.01417990  -0.00646831
  0.01334858   0.00000000     0.27576554   0.00000000    -0.01417990  -0.00646831
 -0.01417990   0.00646831    -0.01417990   0.00646831     0.29443685   0.00000000
    1    2
 -0.12098177   0.04853181     0.11303990   0.02909139    -0.08358500   0.03201310
  0.11303990   0.02909139    -0.12098177   0.04853181    -0.08358500   0.03201310
 -0.08358500   0.03201310    -0.08358500   0.03201310    -0.13150268   0.04470753
    2    1
 -0.12098177  -0.04853181     0.11303990  -0.02909139    -0.08358500  -0.03201310
  0.11303990  -0.02909139    -0.12098177  -0.04853181    -0.08358500  -0.03201310
 -0.08358500  -0.03201310    -0.08358500  -0.03201310    -0.13150268  -0.04470753
    2    2
  0.27576554   0.00000000     0.01334858   0.00000000    -0.01417990   0.00646831
  0.01334858   0.00000000     0.27576554   0.00000000    -0.01417990   0.00646831
 -0.01417990  -0.00646831    -0.01417990  -0.00646831     0.29443685   0.00000000

     Dynamical  Matrix in cartesian axes

     q = (   -0.625000000  -0.625000000  -0.375000000 ) 

    1    1
  0.27576554   0.00000000     0.01334858   0.00000000     0.01417990   0.00646831
  0.01334858   0.00000000     0.27576554   0.00000000     0.01417990   0.00646831
  0.01417990  -0.00646831     0.01417990  -0.00646831     0.29443685   0.00000000
    1    2
 -0.12098177   0.04853181     0.11303990   0.02909139     0.08358500  -0.03201310
  0.11303990   0.02909139    -0.12098177   0.04853181     0.08358500  -0.03201310
  0.08358500  -0.03201310     0.08358500  -0.03201310    -0.13150268   0.04470753
    2    1
 -0.12098177  -0.04853181     0.11303990  -0.02909139     0.08358500   0.03201310
  0.11303990  -0.02909139    -0.12098177  -0.04853181     0.08358500   0.03201310
  0.08358500   0.03201310     0.08358500   0.03201310    -0.13150268  -0.04470753
    2    2
  0.27576554   0.00000000     0.01334858   0.00000000     0.01417990  -0.00646831
  0.01334858   0.00000000     0.27576554   0.00000000     0.01417990  -0.00646831
  0.01417990   0.00646831     0.01417990   0.00646831     0.29443685   0.00000000

     Dynamical  Matrix in cartesian axes

     q = (    0.375000000  -0.625000000   0.625000000 ) 

    1    1
  0.29443685   0.00000000    -0.01417990   0.00646831     0.01417990  -0.00646831
 -0.01417990  -0.00646831     0.27576554   0.00000000    -0.01334858   0.00000000
  0.01417990   0.00646831    -0.01334858   0.00000000     0.27576554   0.00000000
    1    2
 -0.13150268   0.04470753    -0.08358500   0.03201310     0.08358500  -0.03201310
 -0.08358500   0.03201310    -0.12098177   0.04853181    -0.11303990  -0.02909139
  0.08358500  -0.03201310    -0.11303990  -0.02909139    -0.12098177   0.04853181
    2    1
 -0.13150268  -0.04470753    -0.08358500  -0.03201310     0.08358500   0.03201310
 -0.08358500  -0.03201310    -0.12098177  -0.04853181    -0.11303990   0.02909139
  0.08358500   0.03201310    -0.11303990   0.02909139    -0.12098177  -0.04853181
    2    2
  0.29443685   0.00000000    -0.01417990  -0.00646831     0.01417990   0.00646831
 -0.01417990   0.00646831     0.27576554   0.00000000    -0.01334858   0.00000000
  0.01417990  -0.00646831    -0.01334858   0.00000000     0.27576554   0.00000000

     Dynamical  Matrix in cartesian axes

     q = (    0.625000000  -0.625000000   0.375000000 ) 

    1    1
  0.27576554   0.00000000    -0.01334858   0.00000000     0.01417990   0.00646831
 -0.01334858   0.00000000     0.27576554   0.00000000    -0.01417990  -0.00646831
  0.01417990  -0.00646831    -0.01417990   0.00646831     0.29443685   0.00000000
    1    2
 -0.11986420  -0.05122986    -0.05936057  -0.10050200     0.08174020   0.03646684
 -0.05936057  -0.10050200    -0.11986420  -0.05122986    -0.08174020  -0.03646684
  0.08174020   0.03646684    -0.08174020  -0.03646684    -0.12459944  -0.06137344
    2    1
 -0.11986420   0.05122986    -0.05936057   0.10050200     0.08174020  -0.03646684
 -0.05936057   0.10050200    -0.11986420   0.05122986    -0.08174020   0.03646684
  0.08174020  -0.03646684    -0.08174020   0.03646684    -0.12459944   0.06137344
    2    2
  0.27576554   0.00000000    -0.01334858   0.00000000     0.01417990  -0.00646831
 -0.01334858   0.00000000     0.27576554   0.00000000    -0.01417990   0.00646831
  0.01417990   0.00646831    -0.01417990  -0.00646831     0.29443685   0.00000000

     Dynamical  Matrix in cartesian axes

     q = (    0.375000000   0.625000000   0.625000000 ) 

    1    1
  0.29443685   0.00000000     0.01417990   0.00646831     0.01417990   0.00646831
  0.01417990  -0.00646831     0.27576554   0.00000000     0.01334858   0.00000000
  0.01417990  -0.00646831     0.01334858   0.00000000     0.27576554   0.00000000
    1    2
 -0.12459944   0.06137344     0.08174020  -0.03646684     0.08174020  -0.03646684
  0.08174020  -0.03646684    -0.11986420   0.05122986     0.05936057  -0.10050200
  0.08174020  -0.03646684     0.05936057  -0.10050200    -0.11986420   0.05122986
    2    1
 -0.12459944  -0.06137344     0.08174020   0.03646684     0.08174020   0.03646684
  0.08174020   0.03646684    -0.11986420  -0.05122986     0.05936057   0.10050200
  0.08174020   0.03646684     0.05936057   0.10050200    -0.11986420  -0.05122986
    2    2
  0.29443685   0.00000000     0.01417990  -0.00646831     0.01417990  -0.00646831
  0.01417990   0.00646831     0.27576554   0.00000000     0.01334858   0.00000000
  0.01417990   0.00646831     0.01334858   0.00000000     0.27576554   0.00000000

     Dynamical  Matrix in cartesian axes

     q = (   -0.625000000  -0.625000000   0.375000000 ) 

    1    1
  0.27576554   0.00000000     0.01334858   0.00000000    -0.01417990   0.00646831
  0.01334858   0.00000000     0.27576554   0.00000000    -0.01417990   0.00646831
 -0.01417990  -0.00646831    -0.01417990  -0.00646831     0.29443685   0.00000000
    1    2
 -0.12098177  -0.04853181     0.11303990  -0.02909139    -0.08358500  -0.03201310
  0.11303990  -0.02909139    -0.12098177  -0.04853181    -0.08358500  -0.03201310
 -0.08358500  -0.03201310    -0.08358500  -0.03201310    -0.13150268  -0.04470753
    2    1
 -0.12098177   0.04853181     0.11303990   0.02909139    -0.08358500   0.03201310
  0.11303990   0.02909139    -0.12098177   0.04853181    -0.08358500   0.03201310
 -0.08358500   0.03201310    -0.08358500   0.03201310    -0.13150268   0.04470753
    2    2
  0.27576554   0.00000000     0.01334858   0.00000000    -0.01417990  -0.00646831
  0.01334858   0.00000000     0.27576554   0.00000000    -0.01417990  -0.00646831
 -0.01417990   0.00646831    -0.01417990   0.00646831     0.29443685   0.00000000

     Dynamical  Matrix in cartesian axes

     q = (   -0.375000000  -0.625000000   0.625000000 ) 

    1    1
  0.29443685   0.00000000     0.01417990   0.00646831    -0.01417990  -0.00646831
  0.01417990  -0.00646831     0.27576554   0.00000000    -0.01334858   0.00000000
 -0.01417990   0.00646831    -0.01334858   0.00000000     0.27576554   0.00000000
    1    2
 -0.13150268  -0.04470753     0.08358500   0.03201310    -0.08358500  -0.03201310
  0.08358500   0.03201310    -0.12098177  -0.04853181    -0.11303990   0.02909139
 -0.08358500  -0.03201310    -0.11303990   0.02909139    -0.12098177  -0.04853181
    2    1
 -0.13150268   0.04470753     0.08358500  -0.03201310    -0.08358500   0.03201310
  0.08358500  -0.03201310    -0.12098177   0.04853181    -0.11303990  -0.02909139
 -0.08358500   0.03201310    -0.11303990  -0.02909139    -0.12098177   0.04853181
    2    2
  0.29443685   0.00000000     0.01417990  -0.00646831    -0.01417990   0.00646831
  0.01417990   0.00646831     0.27576554   0.00000000    -0.01334858   0.00000000
 -0.01417990  -0.00646831    -0.01334858   0.00000000     0.27576554   0.00000000

     Dynamical  Matrix in cartesian axes

     q = (    0.625000000   0.625000000   0.375000000 ) 

    1    1
  0.27576554   0.00000000     0.01334858   0.00000000     0.01417990  -0.00646831
  0.01334858   0.00000000     0.27576554   0.00000000     0.01417990  -0.00646831
  0.01417990   0.00646831     0.01417990   0.00646831     0.29443685   0.00000000
    1    2
 -0.12098177  -0.04853181     0.11303990  -0.02909139     0.08358500   0.03201310
  0.11303990  -0.02909139    -0.12098177  -0.04853181     0.08358500   0.03201310
  0.08358500   0.03201310     0.08358500   0.03201310    -0.13150268  -0.04470753
    2    1
 -0.12098177   0.04853181     0.11303990   0.02909139     0.08358500  -0.03201310
  0.11303990   0.02909139    -0.12098177   0.04853181     0.08358500  -0.03201310
  0.08358500  -0.03201310     0.08358500  -0.03201310    -0.13150268   0.04470753
    2    2
  0.27576554   0.00000000     0.01334858   0.00000000     0.01417990   0.00646831
  0.01334858   0.00000000     0.27576554   0.00000000     0.01417990   0.00646831
  0.01417990  -0.00646831     0.01417990  -0.00646831     0.29443685   0.00000000

     Dynamical  Matrix in cartesian axes

     q = (    0.375000000  -0.625000000  -0.625000000 ) 

    1    1
  0.29443685   0.00000000    -0.01417990  -0.00646831    -0.01417990  -0.00646831
 -0.01417990   0.00646831     0.27576554   0.00000000     0.01334858   0.00000000
 -0.01417990   0.00646831     0.01334858   0.00000000     0.27576554   0.00000000
    1    2
  0.13150268   0.04470753     0.08358500   0.03201310     0.08358500   0.03201310
  0.08358500   0.03201310     0.12098177   0.04853181    -0.11303990   0.02909139
  0.08358500   0.03201310    -0.11303990   0.02909139     0.12098177   0.04853181
    2    1
  0.13150268  -0.04470753     0.08358500  -0.03201310     0.08358500  -0.03201310
  0.08358500  -0.03201310     0.12098177  -0.04853181    -0.11303990  -0.02909139
  0.08358500  -0.03201310    -0.11303990  -0.02909139     0.12098177  -0.04853181
    2    2
  0.29443685   0.00000000    -0.01417990   0.00646831    -0.01417990   0.00646831
 -0.01417990  -0.00646831     0.27576554   0.00000000     0.01334858   0.00000000
 -0.01417990  -0.00646831     0.01334858   0.00000000     0.27576554   0.00000000

     Dynamical  Matrix in cartesian axes

     q = (    0.625000000  -0.625000000  -0.375000000 ) 

    1    1
  0.27576554   0.00000000    -0.01334858   0.00000000    -0.01417990   0.00646831
 -0.01334858   0.00000000     0.27576554   0.00000000     0.01417990  -0.00646831
 -0.01417990  -0.00646831     0.01417990   0.00646831     0.29443685   0.00000000
    1    2
  0.12098177   0.04853181     0.11303990  -0.02909139     0.08358500   0.03201310
  0.11303990  -0.02909139     0.12098177   0.04853181    -0.08358500  -0.03201310
  0.08358500   0.03201310    -0.08358500  -0.03201310     0.13150268   0.04470753
    2    1
  0.12098177  -0.04853181     0.11303990   0.02909139     0.08358500  -0.03201310
  0.11303990   0.02909139     0.12098177  -0.04853181    -0.08358500   0.03201310
  0.08358500  -0.03201310    -0.08358500   0.03201310     0.13150268  -0.04470753
    2    2
  0.27576554   0.00000000    -0.01334858   0.00000000    -0.01417990  -0.00646831
 -0.01334858   0.00000000     0.27576554   0.00000000     0.01417990   0.00646831
 -0.01417990   0.00646831     0.01417990  -0.00646831     0.29443685   0.00000000

     Diagonalizing the dynamical matrix

     q = (    0.625000000  -0.375000000   0.625000000 ) 

 **************************************************************************
     freq (    1) =       3.415376 [THz] =     113.924680 [cm-1]
 (  0.498284 -0.041393 -0.000000  0.000000 -0.498284  0.041393 ) 
 (  0.500000  0.000000 -0.000000  0.000000 -0.500000  0.000000 ) 
     freq (    2) =       4.389684 [THz] =     146.424104 [cm-1]
 ( -0.210679  0.223590 -0.476475  0.290198 -0.210679  0.223590 ) 
 ( -0.307211 -0.000000 -0.537966  0.147770 -0.307211  0.000000 ) 
     freq (    3) =      10.137768 [THz] =     338.159553 [cm-1]
 (  0.410021  0.085347 -0.321881 -0.213517  0.410021  0.085347 ) 
 ( -0.418810 -0.000000  0.358638 -0.143441 -0.418810  0.000000 ) 
     freq (    4) =      12.461286 [THz] =     415.663771 [cm-1]
 (  0.369862  0.051238 -0.385427 -0.269442  0.369862  0.051238 ) 
 (  0.373395  0.000000 -0.418754  0.214004  0.373395  0.000000 ) 
     freq (    5) =      14.499532 [THz] =     483.652331 [cm-1]
 (  0.498284 -0.041393 -0.000000  0.000000 -0.498284  0.041393 ) 
 ( -0.500000 -0.000000  0.000000 -0.000000  0.500000  0.000000 ) 
     freq (    6) =      14.701244 [THz] =     490.380720 [cm-1]
 (  0.103233 -0.283089  0.455551 -0.332987  0.103233 -0.283089 ) 
 ( -0.301325 -0.000000 -0.468906  0.313901 -0.301325  0.000000 ) 
 **************************************************************************
