Dynamical matrix file
default                                                                    
  1    2   2  10.2273000   0.0000000   0.0000000   0.0000000   0.0000000   0.0000000
           1  'Si  '    25598.3672898282     
    1    1     -0.2500000000      0.2500000000      0.2500000000
    2    1     -0.5000000000      0.5000000000      0.5000000000

     Dynamical  Matrix in cartesian axes

     q = (   -0.250000000   0.500000000   0.000000000 ) 

    1    1
  0.26153233   0.00000000    -0.00698938   0.00000000     0.00000000  -0.00132213
 -0.00698938   0.00000000     0.29866118   0.00000000     0.00000000   0.00930965
  0.00000000   0.00132213     0.00000000  -0.00930965     0.26855353   0.00000000
    1    2
 -0.06382319   0.15408282    -0.01916363   0.04626509     0.11593042   0.04801995
 -0.01916363   0.04626509    -0.06733986   0.16257280    -0.04626101  -0.01916194
  0.11593042   0.04801995    -0.04626101  -0.01916194    -0.06658300   0.16074558
    2    1
 -0.06382319  -0.15408282    -0.01916363  -0.04626509     0.11593042  -0.04801995
 -0.01916363  -0.04626509    -0.06733986  -0.16257280    -0.04626101   0.01916194
  0.11593042  -0.04801995    -0.04626101   0.01916194    -0.06658300  -0.16074558
    2    2
  0.26153233   0.00000000    -0.00698938   0.00000000     0.00000000   0.00132213
 -0.00698938   0.00000000     0.29866118   0.00000000     0.00000000  -0.00930965
  0.00000000  -0.00132213     0.00000000   0.00930965     0.26855353   0.00000000

     Dynamical  Matrix in cartesian axes

     q = (    0.000000000  -0.500000000  -0.250000000 ) 

    1    1
  0.26855353   0.00000000     0.00000000  -0.00930965     0.00000000  -0.00132213
  0.00000000   0.00930965     0.29866118   0.00000000     0.00698938  -0.00000000
  0.00000000   0.00132213     0.00698938  -0.00000000     0.26153233   0.00000000
    1    2
 -0.06658300  -0.16074558     0.04626101  -0.01916194     0.11593042  -0.04801995
  0.04626101  -0.01916194    -0.06733986  -0.16257280     0.01916363   0.04626509
  0.11593042  -0.04801995     0.01916363   0.04626509    -0.06382319  -0.15408282
    2    1
 -0.06658300   0.16074558     0.04626101   0.01916194     0.11593042   0.04801995
  0.04626101   0.01916194    -0.06733986   0.16257280     0.01916363  -0.04626509
  0.11593042   0.04801995     0.01916363  -0.04626509    -0.06382319   0.15408282
    2    2
  0.26855353  -0.00000000     0.00000000   0.00930965     0.00000000   0.00132213
  0.00000000  -0.00930965     0.29866118  -0.00000000     0.00698938   0.00000000
  0.00000000  -0.00132213     0.00698938   0.00000000     0.26153233  -0.00000000

     Dynamical  Matrix in cartesian axes

     q = (   -0.250000000  -0.500000000   0.000000000 ) 

    1    1
  0.26153233  -0.00000000     0.00698938   0.00000000     0.00000000   0.00132213
  0.00698938   0.00000000     0.29866118  -0.00000000     0.00000000   0.00930965
  0.00000000  -0.00132213     0.00000000  -0.00930965     0.26855353  -0.00000000
    1    2
 -0.15408282  -0.06382319     0.04626509   0.01916363     0.04801995  -0.11593042
  0.04626509   0.01916363    -0.16257280  -0.06733986     0.01916194  -0.04626101
  0.04801995  -0.11593042     0.01916194  -0.04626101    -0.16074558  -0.06658300
    2    1
 -0.15408282   0.06382319     0.04626509  -0.01916363     0.04801995   0.11593042
  0.04626509  -0.01916363    -0.16257280   0.06733986     0.01916194   0.04626101
  0.04801995   0.11593042     0.01916194   0.04626101    -0.16074558   0.06658300
    2    2
  0.26153233  -0.00000000     0.00698938   0.00000000     0.00000000  -0.00132213
  0.00698938   0.00000000     0.29866118  -0.00000000     0.00000000  -0.00930965
  0.00000000   0.00132213     0.00000000   0.00930965     0.26855353  -0.00000000

     Dynamical  Matrix in cartesian axes

     q = (    0.000000000   0.500000000   0.250000000 ) 

    1    1
  0.26855353  -0.00000000     0.00000000   0.00930965     0.00000000   0.00132213
  0.00000000  -0.00930965     0.29866118  -0.00000000     0.00698938   0.00000000
  0.00000000  -0.00132213     0.00698938   0.00000000     0.26153233  -0.00000000
    1    2
 -0.06658300   0.16074558     0.04626101   0.01916194     0.11593042   0.04801995
  0.04626101   0.01916194    -0.06733986   0.16257280     0.01916363  -0.04626509
  0.11593042   0.04801995     0.01916363  -0.04626509    -0.06382319   0.15408282
    2    1
 -0.06658300  -0.16074558     0.04626101  -0.01916194     0.11593042  -0.04801995
  0.04626101  -0.01916194    -0.06733986  -0.16257280     0.01916363   0.04626509
  0.11593042  -0.04801995     0.01916363   0.04626509    -0.06382319  -0.15408282
    2    2
  0.26855353   0.00000000     0.00000000  -0.00930965     0.00000000  -0.00132213
  0.00000000   0.00930965     0.29866118   0.00000000     0.00698938  -0.00000000
  0.00000000   0.00132213     0.00698938  -0.00000000     0.26153233   0.00000000

     Dynamical  Matrix in cartesian axes

     q = (    0.000000000   0.500000000  -0.250000000 ) 

    1    1
  0.26855353   0.00000000     0.00000000  -0.00930965     0.00000000   0.00132213
  0.00000000   0.00930965     0.29866118   0.00000000    -0.00698938  -0.00000000
  0.00000000  -0.00132213    -0.00698938  -0.00000000     0.26153233   0.00000000
    1    2
 -0.16074558   0.06658300    -0.01916194  -0.04626101     0.04801995   0.11593042
 -0.01916194  -0.04626101    -0.16257280   0.06733986    -0.04626509   0.01916363
  0.04801995   0.11593042    -0.04626509   0.01916363    -0.15408282   0.06382319
    2    1
 -0.16074558  -0.06658300    -0.01916194   0.04626101     0.04801995  -0.11593042
 -0.01916194   0.04626101    -0.16257280  -0.06733986    -0.04626509  -0.01916363
  0.04801995  -0.11593042    -0.04626509  -0.01916363    -0.15408282  -0.06382319
    2    2
  0.26855353  -0.00000000     0.00000000   0.00930965     0.00000000  -0.00132213
  0.00000000  -0.00930965     0.29866118  -0.00000000    -0.00698938   0.00000000
  0.00000000   0.00132213    -0.00698938   0.00000000     0.26153233  -0.00000000

     Dynamical  Matrix in cartesian axes

     q = (    0.250000000   0.500000000   0.000000000 ) 

    1    1
  0.26153233  -0.00000000     0.00698938   0.00000000     0.00000000  -0.00132213
  0.00698938   0.00000000     0.29866118  -0.00000000     0.00000000  -0.00930965
  0.00000000   0.00132213     0.00000000   0.00930965     0.26855353  -0.00000000
    1    2
 -0.15408282   0.06382319     0.04626509  -0.01916363     0.04801995   0.11593042
  0.04626509  -0.01916363    -0.16257280   0.06733986     0.01916194   0.04626101
  0.04801995   0.11593042     0.01916194   0.04626101    -0.16074558   0.06658300
    2    1
 -0.15408282  -0.06382319     0.04626509   0.01916363     0.04801995  -0.11593042
  0.04626509   0.01916363    -0.16257280  -0.06733986     0.01916194  -0.04626101
  0.04801995  -0.11593042     0.01916194  -0.04626101    -0.16074558  -0.06658300
    2    2
  0.26153233  -0.00000000     0.00698938   0.00000000     0.00000000   0.00132213
  0.00698938   0.00000000     0.29866118  -0.00000000     0.00000000   0.00930965
  0.00000000  -0.00132213     0.00000000  -0.00930965     0.26855353  -0.00000000

     Dynamical  Matrix in cartesian axes

     q = (    0.000000000  -0.500000000   0.250000000 ) 

    1    1
  0.26855353  -0.00000000     0.00000000   0.00930965     0.00000000  -0.00132213
  0.00000000  -0.00930965     0.29866118  -0.00000000    -0.00698938   0.00000000
  0.00000000   0.00132213    -0.00698938   0.00000000     0.26153233  -0.00000000
    1    2
 -0.16074558  -0.06658300    -0.01916194   0.04626101     0.04801995  -0.11593042
 -0.01916194   0.04626101    -0.16257280  -0.06733986    -0.04626509  -0.01916363
  0.04801995  -0.11593042    -0.04626509  -0.01916363    -0.15408282  -0.06382319
    2    1
 -0.16074558   0.06658300    -0.01916194  -0.04626101     0.04801995   0.11593042
 -0.01916194  -0.04626101    -0.16257280   0.06733986    -0.04626509   0.01916363
  0.04801995   0.11593042    -0.04626509   0.01916363    -0.15408282   0.06382319
    2    2
  0.26855353   0.00000000     0.00000000  -0.00930965     0.00000000   0.00132213
  0.00000000   0.00930965     0.29866118   0.00000000    -0.00698938  -0.00000000
  0.00000000  -0.00132213    -0.00698938  -0.00000000     0.26153233   0.00000000

     Dynamical  Matrix in cartesian axes

     q = (    0.250000000  -0.500000000   0.000000000 ) 

    1    1
  0.26153233   0.00000000    -0.00698938   0.00000000     0.00000000   0.00132213
 -0.00698938   0.00000000     0.29866118   0.00000000     0.00000000  -0.00930965
  0.00000000  -0.00132213     0.00000000   0.00930965     0.26855353   0.00000000
    1    2
 -0.06382319  -0.15408282    -0.01916363  -0.04626509     0.11593042  -0.04801995
 -0.01916363  -0.04626509    -0.06733986  -0.16257280    -0.04626101   0.01916194
  0.11593042  -0.04801995    -0.04626101   0.01916194    -0.06658300  -0.16074558
    2    1
 -0.06382319   0.15408282    -0.01916363   0.04626509     0.11593042   0.04801995
 -0.01916363   0.04626509    -0.06733986   0.16257280    -0.04626101  -0.01916194
  0.11593042   0.04801995    -0.04626101  -0.01916194    -0.06658300   0.16074558
    2    2
  0.26153233   0.00000000    -0.00698938   0.00000000     0.00000000  -0.00132213
 -0.00698938   0.00000000     0.29866118   0.00000000     0.00000000   0.00930965
  0.00000000   0.00132213     0.00000000  -0.00930965     0.26855353   0.00000000

     Dynamical  Matrix in cartesian axes

     q = (    0.500000000   0.000000000  -0.250000000 ) 

    1    1
  0.29866118   0.00000000     0.00000000   0.00930965    -0.00698938   0.00000000
  0.00000000  -0.00930965     0.26855353   0.00000000     0.00000000   0.00132213
 -0.00698938   0.00000000     0.00000000  -0.00132213     0.26153233   0.00000000
    1    2
 -0.06733986  -0.16257280     0.04626101  -0.01916194    -0.01916363  -0.04626509
  0.04626101  -0.01916194    -0.06658300  -0.16074558    -0.11593042   0.04801995
 -0.01916363  -0.04626509    -0.11593042   0.04801995    -0.06382319  -0.15408282
    2    1
 -0.06733986   0.16257280     0.04626101   0.01916194    -0.01916363   0.04626509
  0.04626101   0.01916194    -0.06658300   0.16074558    -0.11593042  -0.04801995
 -0.01916363   0.04626509    -0.11593042  -0.04801995    -0.06382319   0.15408282
    2    2
  0.29866118  -0.00000000     0.00000000  -0.00930965    -0.00698938  -0.00000000
  0.00000000   0.00930965     0.26855353  -0.00000000     0.00000000  -0.00132213
 -0.00698938  -0.00000000     0.00000000   0.00132213     0.26153233  -0.00000000

     Dynamical  Matrix in cartesian axes

     q = (   -0.500000000   0.000000000   0.250000000 ) 

    1    1
  0.29866118  -0.00000000     0.00000000  -0.00930965    -0.00698938  -0.00000000
  0.00000000   0.00930965     0.26855353  -0.00000000     0.00000000  -0.00132213
 -0.00698938  -0.00000000     0.00000000   0.00132213     0.26153233  -0.00000000
    1    2
 -0.06733986   0.16257280     0.04626101   0.01916194    -0.01916363   0.04626509
  0.04626101   0.01916194    -0.06658300   0.16074558    -0.11593042  -0.04801995
 -0.01916363   0.04626509    -0.11593042  -0.04801995    -0.06382319   0.15408282
    2    1
 -0.06733986  -0.16257280     0.04626101  -0.01916194    -0.01916363  -0.04626509
  0.04626101  -0.01916194    -0.06658300  -0.16074558    -0.11593042   0.04801995
 -0.01916363  -0.04626509    -0.11593042   0.04801995    -0.06382319  -0.15408282
    2    2
  0.29866118   0.00000000     0.00000000   0.00930965    -0.00698938   0.00000000
  0.00000000  -0.00930965     0.26855353   0.00000000     0.00000000   0.00132213
 -0.00698938   0.00000000     0.00000000  -0.00132213     0.26153233   0.00000000

     Dynamical  Matrix in cartesian axes

     q = (    0.500000000   0.000000000   0.250000000 ) 

    1    1
  0.29866118  -0.00000000     0.00000000  -0.00930965     0.00698938  -0.00000000
  0.00000000   0.00930965     0.26855353  -0.00000000     0.00000000   0.00132213
  0.00698938  -0.00000000     0.00000000  -0.00132213     0.26153233  -0.00000000
    1    2
 -0.16257280  -0.06733986    -0.01916194   0.04626101     0.04626509   0.01916363
 -0.01916194   0.04626101    -0.16074558  -0.06658300    -0.04801995   0.11593042
  0.04626509   0.01916363    -0.04801995   0.11593042    -0.15408282  -0.06382319
    2    1
 -0.16257280   0.06733986    -0.01916194  -0.04626101     0.04626509  -0.01916363
 -0.01916194  -0.04626101    -0.16074558   0.06658300    -0.04801995  -0.11593042
  0.04626509  -0.01916363    -0.04801995  -0.11593042    -0.15408282   0.06382319
    2    2
  0.29866118   0.00000000     0.00000000   0.00930965     0.00698938   0.00000000
  0.00000000  -0.00930965     0.26855353   0.00000000     0.00000000  -0.00132213
  0.00698938   0.00000000     0.00000000   0.00132213     0.26153233   0.00000000

     Dynamical  Matrix in cartesian axes

     q = (    0.500000000  -0.250000000   0.000000000 ) 

    1    1
  0.29866118   0.00000000    -0.00698938   0.00000000     0.00000000   0.00930965
 -0.00698938   0.00000000     0.26153233   0.00000000     0.00000000  -0.00132213
  0.00000000  -0.00930965     0.00000000   0.00132213     0.26855353   0.00000000
    1    2
 -0.06733986  -0.16257280    -0.01916363  -0.04626509     0.04626101  -0.01916194
 -0.01916363  -0.04626509    -0.06382319  -0.15408282    -0.11593042   0.04801995
  0.04626101  -0.01916194    -0.11593042   0.04801995    -0.06658300  -0.16074558
    2    1
 -0.06733986   0.16257280    -0.01916363   0.04626509     0.04626101   0.01916194
 -0.01916363   0.04626509    -0.06382319   0.15408282    -0.11593042  -0.04801995
  0.04626101   0.01916194    -0.11593042  -0.04801995    -0.06658300   0.16074558
    2    2
  0.29866118   0.00000000    -0.00698938   0.00000000     0.00000000  -0.00930965
 -0.00698938   0.00000000     0.26153233   0.00000000     0.00000000   0.00132213
  0.00000000   0.00930965     0.00000000  -0.00132213     0.26855353   0.00000000

     Dynamical  Matrix in cartesian axes

     q = (    0.000000000  -0.250000000   0.500000000 ) 

    1    1
  0.26855353   0.00000000     0.00000000   0.00132213     0.00000000  -0.00930965
  0.00000000  -0.00132213     0.26153233   0.00000000    -0.00698938  -0.00000000
  0.00000000   0.00930965    -0.00698938  -0.00000000     0.29866118   0.00000000
    1    2
 -0.16074558   0.06658300     0.04801995   0.11593042    -0.01916194  -0.04626101
  0.04801995   0.11593042    -0.15408282   0.06382319    -0.04626509   0.01916363
 -0.01916194  -0.04626101    -0.04626509   0.01916363    -0.16257280   0.06733986
    2    1
 -0.16074558  -0.06658300     0.04801995  -0.11593042    -0.01916194   0.04626101
  0.04801995  -0.11593042    -0.15408282  -0.06382319    -0.04626509  -0.01916363
 -0.01916194   0.04626101    -0.04626509  -0.01916363    -0.16257280  -0.06733986
    2    2
  0.26855353  -0.00000000     0.00000000  -0.00132213     0.00000000   0.00930965
  0.00000000   0.00132213     0.26153233  -0.00000000    -0.00698938   0.00000000
  0.00000000  -0.00930965    -0.00698938   0.00000000     0.29866118  -0.00000000

     Dynamical  Matrix in cartesian axes

     q = (    0.000000000   0.250000000   0.500000000 ) 

    1    1
  0.26855353   0.00000000     0.00000000   0.00132213     0.00000000   0.00930965
  0.00000000  -0.00132213     0.26153233   0.00000000     0.00698938  -0.00000000
  0.00000000  -0.00930965     0.00698938  -0.00000000     0.29866118   0.00000000
    1    2
 -0.06658300   0.16074558     0.11593042   0.04801995     0.04626101   0.01916194
  0.11593042   0.04801995    -0.06382319   0.15408282     0.01916363  -0.04626509
  0.04626101   0.01916194     0.01916363  -0.04626509    -0.06733986   0.16257280
    2    1
 -0.06658300  -0.16074558     0.11593042  -0.04801995     0.04626101  -0.01916194
  0.11593042  -0.04801995    -0.06382319  -0.15408282     0.01916363   0.04626509
  0.04626101  -0.01916194     0.01916363   0.04626509    -0.06733986  -0.16257280
    2    2
  0.26855353  -0.00000000     0.00000000  -0.00132213     0.00000000  -0.00930965
  0.00000000   0.00132213     0.26153233  -0.00000000     0.00698938   0.00000000
  0.00000000   0.00930965     0.00698938   0.00000000     0.29866118  -0.00000000

     Dynamical  Matrix in cartesian axes

     q = (    0.000000000  -0.250000000  -0.500000000 ) 

    1    1
  0.26855353  -0.00000000     0.00000000  -0.00132213     0.00000000  -0.00930965
  0.00000000   0.00132213     0.26153233  -0.00000000     0.00698938   0.00000000
  0.00000000   0.00930965     0.00698938   0.00000000     0.29866118  -0.00000000
    1    2
 -0.06658300  -0.16074558     0.11593042  -0.04801995     0.04626101  -0.01916194
  0.11593042  -0.04801995    -0.06382319  -0.15408282     0.01916363   0.04626509
  0.04626101  -0.01916194     0.01916363   0.04626509    -0.06733986  -0.16257280
    2    1
 -0.06658300   0.16074558     0.11593042   0.04801995     0.04626101   0.01916194
  0.11593042   0.04801995    -0.06382319   0.15408282     0.01916363  -0.04626509
  0.04626101   0.01916194     0.01916363  -0.04626509    -0.06733986   0.16257280
    2    2
  0.26855353   0.00000000     0.00000000   0.00132213     0.00000000   0.00930965
  0.00000000  -0.00132213     0.26153233   0.00000000     0.00698938  -0.00000000
  0.00000000  -0.00930965     0.00698938  -0.00000000     0.29866118   0.00000000

     Dynamical  Matrix in cartesian axes

     q = (   -0.500000000   0.250000000   0.000000000 ) 

    1    1
  0.29866118   0.00000000    -0.00698938   0.00000000     0.00000000  -0.00930965
 -0.00698938   0.00000000     0.26153233   0.00000000     0.00000000   0.00132213
  0.00000000   0.00930965     0.00000000  -0.00132213     0.26855353   0.00000000
    1    2
 -0.06733986   0.16257280    -0.01916363   0.04626509     0.04626101   0.01916194
 -0.01916363   0.04626509    -0.06382319   0.15408282    -0.11593042  -0.04801995
  0.04626101   0.01916194    -0.11593042  -0.04801995    -0.06658300   0.16074558
    2    1
 -0.06733986  -0.16257280    -0.01916363  -0.04626509     0.04626101  -0.01916194
 -0.01916363  -0.04626509    -0.06382319  -0.15408282    -0.11593042   0.04801995
  0.04626101  -0.01916194    -0.11593042   0.04801995    -0.06658300  -0.16074558
    2    2
  0.29866118   0.00000000    -0.00698938   0.00000000     0.00000000   0.00930965
 -0.00698938   0.00000000     0.26153233   0.00000000     0.00000000  -0.00132213
  0.00000000  -0.00930965     0.00000000   0.00132213     0.26855353   0.00000000

     Dynamical  Matrix in cartesian axes

     q = (   -0.500000000   0.000000000  -0.250000000 ) 

    1    1
  0.29866118   0.00000000     0.00000000   0.00930965     0.00698938   0.00000000
  0.00000000  -0.00930965     0.26855353   0.00000000     0.00000000  -0.00132213
  0.00698938   0.00000000     0.00000000   0.00132213     0.26153233   0.00000000
    1    2
 -0.16257280   0.06733986    -0.01916194  -0.04626101     0.04626509  -0.01916363
 -0.01916194  -0.04626101    -0.16074558   0.06658300    -0.04801995  -0.11593042
  0.04626509  -0.01916363    -0.04801995  -0.11593042    -0.15408282   0.06382319
    2    1
 -0.16257280  -0.06733986    -0.01916194   0.04626101     0.04626509   0.01916363
 -0.01916194   0.04626101    -0.16074558  -0.06658300    -0.04801995   0.11593042
  0.04626509   0.01916363    -0.04801995   0.11593042    -0.15408282  -0.06382319
    2    2
  0.29866118  -0.00000000     0.00000000  -0.00930965     0.00698938  -0.00000000
  0.00000000   0.00930965     0.26855353  -0.00000000     0.00000000   0.00132213
  0.00698938  -0.00000000     0.00000000  -0.00132213     0.26153233  -0.00000000

     Dynamical  Matrix in cartesian axes

     q = (   -0.250000000   0.000000000  -0.500000000 ) 

    1    1
  0.26153233  -0.00000000     0.00000000   0.00132213     0.00698938  -0.00000000
  0.00000000  -0.00132213     0.26855353  -0.00000000     0.00000000  -0.00930965
  0.00698938  -0.00000000     0.00000000   0.00930965     0.29866118  -0.00000000
    1    2
 -0.15408282  -0.06382319     0.04801995  -0.11593042     0.04626509   0.01916363
  0.04801995  -0.11593042    -0.16074558  -0.06658300     0.01916194  -0.04626101
  0.04626509   0.01916363     0.01916194  -0.04626101    -0.16257280  -0.06733986
    2    1
 -0.15408282   0.06382319     0.04801995   0.11593042     0.04626509  -0.01916363
  0.04801995   0.11593042    -0.16074558   0.06658300     0.01916194   0.04626101
  0.04626509  -0.01916363     0.01916194   0.04626101    -0.16257280   0.06733986
    2    2
  0.26153233   0.00000000     0.00000000  -0.00132213     0.00698938   0.00000000
  0.00000000   0.00132213     0.26855353   0.00000000     0.00000000   0.00930965
  0.00698938   0.00000000     0.00000000  -0.00930965     0.29866118   0.00000000

     Dynamical  Matrix in cartesian axes

     q = (   -0.500000000  -0.250000000   0.000000000 ) 

    1    1
  0.29866118  -0.00000000     0.00698938   0.00000000     0.00000000   0.00930965
  0.00698938   0.00000000     0.26153233  -0.00000000     0.00000000   0.00132213
  0.00000000  -0.00930965     0.00000000  -0.00132213     0.26855353  -0.00000000
    1    2
 -0.16257280   0.06733986     0.04626509  -0.01916363    -0.01916194  -0.04626101
  0.04626509  -0.01916363    -0.15408282   0.06382319    -0.04801995  -0.11593042
 -0.01916194  -0.04626101    -0.04801995  -0.11593042    -0.16074558   0.06658300
    2    1
 -0.16257280  -0.06733986     0.04626509   0.01916363    -0.01916194   0.04626101
  0.04626509   0.01916363    -0.15408282  -0.06382319    -0.04801995   0.11593042
 -0.01916194   0.04626101    -0.04801995   0.11593042    -0.16074558  -0.06658300
    2    2
  0.29866118  -0.00000000     0.00698938   0.00000000     0.00000000  -0.00930965
  0.00698938   0.00000000     0.26153233  -0.00000000     0.00000000  -0.00132213
  0.00000000   0.00930965     0.00000000   0.00132213     0.26855353  -0.00000000

     Dynamical  Matrix in cartesian axes

     q = (    0.500000000   0.250000000   0.000000000 ) 

    1    1
  0.29866118  -0.00000000     0.00698938   0.00000000     0.00000000  -0.00930965
  0.00698938   0.00000000     0.26153233  -0.00000000     0.00000000  -0.00132213
  0.00000000   0.00930965     0.00000000   0.00132213     0.26855353  -0.00000000
    1    2
 -0.16257280  -0.06733986     0.04626509   0.01916363    -0.01916194   0.04626101
  0.04626509   0.01916363    -0.15408282  -0.06382319    -0.04801995   0.11593042
 -0.01916194   0.04626101    -0.04801995   0.11593042    -0.16074558  -0.06658300
    2    1
 -0.16257280   0.06733986     0.04626509  -0.01916363    -0.01916194  -0.04626101
  0.04626509  -0.01916363    -0.15408282   0.06382319    -0.04801995  -0.11593042
 -0.01916194  -0.04626101    -0.04801995  -0.11593042    -0.16074558   0.06658300
    2    2
  0.29866118  -0.00000000     0.00698938   0.00000000     0.00000000   0.00930965
  0.00698938   0.00000000     0.26153233  -0.00000000     0.00000000   0.00132213
  0.00000000  -0.00930965     0.00000000  -0.00132213     0.26855353  -0.00000000

     Dynamical  Matrix in cartesian axes

     q = (    0.250000000   0.000000000  -0.500000000 ) 

    1    1
  0.26153233  -0.00000000     0.00000000   0.00132213    -0.00698938  -0.00000000
  0.00000000  -0.00132213     0.26855353  -0.00000000     0.00000000   0.00930965
 -0.00698938  -0.00000000     0.00000000  -0.00930965     0.29866118  -0.00000000
    1    2
 -0.06382319  -0.15408282     0.11593042  -0.04801995    -0.01916363  -0.04626509
  0.11593042  -0.04801995    -0.06658300  -0.16074558    -0.04626101   0.01916194
 -0.01916363  -0.04626509    -0.04626101   0.01916194    -0.06733986  -0.16257280
    2    1
 -0.06382319   0.15408282     0.11593042   0.04801995    -0.01916363   0.04626509
  0.11593042   0.04801995    -0.06658300   0.16074558    -0.04626101  -0.01916194
 -0.01916363   0.04626509    -0.04626101  -0.01916194    -0.06733986   0.16257280
    2    2
  0.26153233   0.00000000     0.00000000  -0.00132213    -0.00698938   0.00000000
  0.00000000   0.00132213     0.26855353   0.00000000     0.00000000  -0.00930965
 -0.00698938   0.00000000     0.00000000   0.00930965     0.29866118   0.00000000

     Dynamical  Matrix in cartesian axes

     q = (    0.000000000   0.250000000  -0.500000000 ) 

    1    1
  0.26855353  -0.00000000     0.00000000  -0.00132213     0.00000000   0.00930965
  0.00000000   0.00132213     0.26153233  -0.00000000    -0.00698938   0.00000000
  0.00000000  -0.00930965    -0.00698938   0.00000000     0.29866118  -0.00000000
    1    2
 -0.16074558  -0.06658300     0.04801995  -0.11593042    -0.01916194   0.04626101
  0.04801995  -0.11593042    -0.15408282  -0.06382319    -0.04626509  -0.01916363
 -0.01916194   0.04626101    -0.04626509  -0.01916363    -0.16257280  -0.06733986
    2    1
 -0.16074558   0.06658300     0.04801995   0.11593042    -0.01916194  -0.04626101
  0.04801995   0.11593042    -0.15408282   0.06382319    -0.04626509   0.01916363
 -0.01916194  -0.04626101    -0.04626509   0.01916363    -0.16257280   0.06733986
    2    2
  0.26855353   0.00000000     0.00000000   0.00132213     0.00000000  -0.00930965
  0.00000000  -0.00132213     0.26153233   0.00000000    -0.00698938  -0.00000000
  0.00000000   0.00930965    -0.00698938  -0.00000000     0.29866118   0.00000000

     Dynamical  Matrix in cartesian axes

     q = (   -0.250000000   0.000000000   0.500000000 ) 

    1    1
  0.26153233   0.00000000     0.00000000  -0.00132213    -0.00698938   0.00000000
  0.00000000   0.00132213     0.26855353   0.00000000     0.00000000  -0.00930965
 -0.00698938   0.00000000     0.00000000   0.00930965     0.29866118   0.00000000
    1    2
 -0.06382319   0.15408282     0.11593042   0.04801995    -0.01916363   0.04626509
  0.11593042   0.04801995    -0.06658300   0.16074558    -0.04626101  -0.01916194
 -0.01916363   0.04626509    -0.04626101  -0.01916194    -0.06733986   0.16257280
    2    1
 -0.06382319  -0.15408282     0.11593042  -0.04801995    -0.01916363  -0.04626509
  0.11593042  -0.04801995    -0.06658300  -0.16074558    -0.04626101   0.01916194
 -0.01916363  -0.04626509    -0.04626101   0.01916194    -0.06733986  -0.16257280
    2    2
  0.26153233  -0.00000000     0.00000000   0.00132213    -0.00698938  -0.00000000
  0.00000000  -0.00132213     0.26855353  -0.00000000     0.00000000   0.00930965
 -0.00698938  -0.00000000     0.00000000  -0.00930965     0.29866118  -0.00000000

     Dynamical  Matrix in cartesian axes

     q = (    0.250000000   0.000000000   0.500000000 ) 

    1    1
  0.26153233   0.00000000     0.00000000  -0.00132213     0.00698938   0.00000000
  0.00000000   0.00132213     0.26855353   0.00000000     0.00000000   0.00930965
  0.00698938   0.00000000     0.00000000  -0.00930965     0.29866118   0.00000000
    1    2
 -0.15408282   0.06382319     0.04801995   0.11593042     0.04626509  -0.01916363
  0.04801995   0.11593042    -0.16074558   0.06658300     0.01916194   0.04626101
  0.04626509  -0.01916363     0.01916194   0.04626101    -0.16257280   0.06733986
    2    1
 -0.15408282  -0.06382319     0.04801995  -0.11593042     0.04626509   0.01916363
  0.04801995  -0.11593042    -0.16074558  -0.06658300     0.01916194  -0.04626101
  0.04626509   0.01916363     0.01916194  -0.04626101    -0.16257280  -0.06733986
    2    2
  0.26153233  -0.00000000     0.00000000   0.00132213     0.00698938  -0.00000000
  0.00000000  -0.00132213     0.26855353  -0.00000000     0.00000000  -0.00930965
  0.00698938  -0.00000000     0.00000000   0.00930965     0.29866118  -0.00000000

     Diagonalizing the dynamical matrix

     q = (   -0.250000000   0.500000000   0.000000000 ) 

 **************************************************************************
     freq (    1) =       3.908076 [THz] =     130.359374 [cm-1]
 ( -0.572470 -0.237125 -0.283236 -0.117320 -0.056842  0.137229 ) 
 ( -0.000000 -0.619637 -0.000000 -0.306573  0.148535  0.000000 ) 
     freq (    2) =       4.459193 [THz] =     148.742666 [cm-1]
 (  0.208886  0.086523 -0.079567 -0.032958 -0.254265  0.613851 ) 
 ( -0.000000 -0.226096  0.000000  0.086123 -0.664427  0.000000 ) 
     freq (    3) =       7.277529 [THz] =     242.752224 [cm-1]
 (  0.235971  0.097743 -0.574751 -0.238070  0.083621 -0.201880 ) 
 (  0.000000  0.255414 -0.000000 -0.622106 -0.218513  0.000000 ) 
     freq (    4) =      13.743876 [THz] =     458.446354 [cm-1]
 (  0.463849  0.192133 -0.408861 -0.169356  0.087332 -0.210839 ) 
 ( -0.000000 -0.502067  0.000000  0.442548  0.228210  0.000000 ) 
     freq (    5) =      14.519319 [THz] =     484.312350 [cm-1]
 ( -0.208260 -0.086264  0.127339  0.052746  0.250997 -0.605962 ) 
 ( -0.000000 -0.225419 -0.000000  0.137831 -0.655888  0.000000 ) 
     freq (    6) =      14.593438 [THz] =     486.784684 [cm-1]
 ( -0.409862 -0.169771 -0.503268 -0.208460 -0.030750  0.074238 ) 
 (  0.000000  0.443632  0.000000  0.544733 -0.080354  0.000000 ) 
 **************************************************************************
