Dynamical matrix file
default                                                                    
  1    2   2  10.2273000   0.0000000   0.0000000   0.0000000   0.0000000   0.0000000
           1  'Si  '    25598.3672898282     
    1    1     -0.2500000000      0.2500000000      0.2500000000
    2    1     -0.5000000000      0.5000000000      0.5000000000

     Dynamical  Matrix in cartesian axes

     q = (    0.750000000  -0.250000000   0.750000000 ) 

    1    1
  0.25988183   0.00000000    -0.00640969  -0.00773307     0.00627314   0.00000000
 -0.00640969   0.00773307     0.31134400   0.00000000    -0.00640969   0.00773307
  0.00627314   0.00000000    -0.00640969  -0.00773307     0.25988183   0.00000000
    1    2
 -0.06519597   0.06387827    -0.04866257   0.04600245     0.15191525   0.04654696
 -0.04866257   0.04600245    -0.08379087   0.06216527    -0.04866257   0.04600245
  0.15191525   0.04654696    -0.04866257   0.04600245    -0.06519597   0.06387827
    2    1
 -0.06519597  -0.06387827    -0.04866257  -0.04600245     0.15191525  -0.04654696
 -0.04866257  -0.04600245    -0.08379087  -0.06216527    -0.04866257  -0.04600245
  0.15191525  -0.04654696    -0.04866257  -0.04600245    -0.06519597  -0.06387827
    2    2
  0.25988183   0.00000000    -0.00640969   0.00773307     0.00627314   0.00000000
 -0.00640969  -0.00773307     0.31134400   0.00000000    -0.00640969  -0.00773307
  0.00627314   0.00000000    -0.00640969   0.00773307     0.25988183   0.00000000

     Dynamical  Matrix in cartesian axes

     q = (   -0.750000000  -0.250000000   0.750000000 ) 

    1    1
  0.25988183   0.00000000     0.00640969  -0.00773307    -0.00627314   0.00000000
  0.00640969   0.00773307     0.31134400   0.00000000    -0.00640969  -0.00773307
 -0.00627314   0.00000000    -0.00640969   0.00773307     0.25988183   0.00000000
    1    2
 -0.06387827   0.06519597     0.04600245  -0.04866257     0.04654696   0.15191525
  0.04600245  -0.04866257    -0.06216527   0.08379087    -0.04600245   0.04866257
  0.04654696   0.15191525    -0.04600245   0.04866257    -0.06387827   0.06519597
    2    1
 -0.06387827  -0.06519597     0.04600245   0.04866257     0.04654696  -0.15191525
  0.04600245   0.04866257    -0.06216527  -0.08379087    -0.04600245  -0.04866257
  0.04654696  -0.15191525    -0.04600245  -0.04866257    -0.06387827  -0.06519597
    2    2
  0.25988183   0.00000000     0.00640969   0.00773307    -0.00627314   0.00000000
  0.00640969  -0.00773307     0.31134400   0.00000000    -0.00640969   0.00773307
 -0.00627314   0.00000000    -0.00640969  -0.00773307     0.25988183   0.00000000

     Dynamical  Matrix in cartesian axes

     q = (   -0.750000000  -0.250000000  -0.750000000 ) 

    1    1
  0.25988183   0.00000000     0.00640969   0.00773307     0.00627314   0.00000000
  0.00640969  -0.00773307     0.31134400   0.00000000     0.00640969  -0.00773307
  0.00627314   0.00000000     0.00640969   0.00773307     0.25988183   0.00000000
    1    2
 -0.06519597   0.06387827     0.04866257  -0.04600245     0.15191525   0.04654696
  0.04866257  -0.04600245    -0.08379087   0.06216527     0.04866257  -0.04600245
  0.15191525   0.04654696     0.04866257  -0.04600245    -0.06519597   0.06387827
    2    1
 -0.06519597  -0.06387827     0.04866257   0.04600245     0.15191525  -0.04654696
  0.04866257   0.04600245    -0.08379087  -0.06216527     0.04866257   0.04600245
  0.15191525  -0.04654696     0.04866257   0.04600245    -0.06519597  -0.06387827
    2    2
  0.25988183   0.00000000     0.00640969  -0.00773307     0.00627314   0.00000000
  0.00640969   0.00773307     0.31134400   0.00000000     0.00640969   0.00773307
  0.00627314   0.00000000     0.00640969  -0.00773307     0.25988183   0.00000000

     Dynamical  Matrix in cartesian axes

     q = (    0.750000000  -0.250000000  -0.750000000 ) 

    1    1
  0.25988183   0.00000000    -0.00640969   0.00773307    -0.00627314   0.00000000
 -0.00640969  -0.00773307     0.31134400   0.00000000     0.00640969   0.00773307
 -0.00627314   0.00000000     0.00640969  -0.00773307     0.25988183   0.00000000
    1    2
  0.06519597   0.06387827     0.04866257   0.04600245     0.15191525  -0.04654696
  0.04866257   0.04600245     0.08379087   0.06216527    -0.04866257  -0.04600245
  0.15191525  -0.04654696    -0.04866257  -0.04600245     0.06519597   0.06387827
    2    1
  0.06519597  -0.06387827     0.04866257  -0.04600245     0.15191525   0.04654696
  0.04866257  -0.04600245     0.08379087  -0.06216527    -0.04866257   0.04600245
  0.15191525   0.04654696    -0.04866257   0.04600245     0.06519597  -0.06387827
    2    2
  0.25988183   0.00000000    -0.00640969  -0.00773307    -0.00627314   0.00000000
 -0.00640969   0.00773307     0.31134400   0.00000000     0.00640969  -0.00773307
 -0.00627314   0.00000000     0.00640969   0.00773307     0.25988183   0.00000000

     Dynamical  Matrix in cartesian axes

     q = (   -0.750000000   0.250000000  -0.750000000 ) 

    1    1
  0.25988183   0.00000000    -0.00640969   0.00773307     0.00627314   0.00000000
 -0.00640969  -0.00773307     0.31134400   0.00000000    -0.00640969  -0.00773307
  0.00627314   0.00000000    -0.00640969   0.00773307     0.25988183   0.00000000
    1    2
 -0.06519597  -0.06387827    -0.04866257  -0.04600245     0.15191525  -0.04654696
 -0.04866257  -0.04600245    -0.08379087  -0.06216527    -0.04866257  -0.04600245
  0.15191525  -0.04654696    -0.04866257  -0.04600245    -0.06519597  -0.06387827
    2    1
 -0.06519597   0.06387827    -0.04866257   0.04600245     0.15191525   0.04654696
 -0.04866257   0.04600245    -0.08379087   0.06216527    -0.04866257   0.04600245
  0.15191525   0.04654696    -0.04866257   0.04600245    -0.06519597   0.06387827
    2    2
  0.25988183   0.00000000    -0.00640969  -0.00773307     0.00627314   0.00000000
 -0.00640969   0.00773307     0.31134400   0.00000000    -0.00640969   0.00773307
  0.00627314   0.00000000    -0.00640969  -0.00773307     0.25988183   0.00000000

     Dynamical  Matrix in cartesian axes

     q = (   -0.250000000   0.750000000  -0.750000000 ) 

    1    1
  0.31134400   0.00000000    -0.00640969  -0.00773307     0.00640969   0.00773307
 -0.00640969   0.00773307     0.25988183   0.00000000    -0.00627314   0.00000000
  0.00640969  -0.00773307    -0.00627314   0.00000000     0.25988183   0.00000000
    1    2
 -0.08379087  -0.06216527    -0.04866257  -0.04600245     0.04866257   0.04600245
 -0.04866257  -0.04600245    -0.06519597  -0.06387827    -0.15191525   0.04654696
  0.04866257   0.04600245    -0.15191525   0.04654696    -0.06519597  -0.06387827
    2    1
 -0.08379087   0.06216527    -0.04866257   0.04600245     0.04866257  -0.04600245
 -0.04866257   0.04600245    -0.06519597   0.06387827    -0.15191525  -0.04654696
  0.04866257  -0.04600245    -0.15191525  -0.04654696    -0.06519597   0.06387827
    2    2
  0.31134400   0.00000000    -0.00640969   0.00773307     0.00640969  -0.00773307
 -0.00640969  -0.00773307     0.25988183   0.00000000    -0.00627314   0.00000000
  0.00640969   0.00773307    -0.00627314   0.00000000     0.25988183   0.00000000

     Dynamical  Matrix in cartesian axes

     q = (   -0.750000000   0.750000000  -0.250000000 ) 

    1    1
  0.25988183   0.00000000    -0.00627314   0.00000000     0.00640969  -0.00773307
 -0.00627314   0.00000000     0.25988183   0.00000000    -0.00640969   0.00773307
  0.00640969   0.00773307    -0.00640969  -0.00773307     0.31134400   0.00000000
    1    2
 -0.06387827   0.06519597     0.04654696   0.15191525     0.04600245  -0.04866257
  0.04654696   0.15191525    -0.06387827   0.06519597    -0.04600245   0.04866257
  0.04600245  -0.04866257    -0.04600245   0.04866257    -0.06216527   0.08379087
    2    1
 -0.06387827  -0.06519597     0.04654696  -0.15191525     0.04600245   0.04866257
  0.04654696  -0.15191525    -0.06387827  -0.06519597    -0.04600245  -0.04866257
  0.04600245   0.04866257    -0.04600245  -0.04866257    -0.06216527  -0.08379087
    2    2
  0.25988183   0.00000000    -0.00627314   0.00000000     0.00640969   0.00773307
 -0.00627314   0.00000000     0.25988183   0.00000000    -0.00640969  -0.00773307
  0.00640969  -0.00773307    -0.00640969   0.00773307     0.31134400   0.00000000

     Dynamical  Matrix in cartesian axes

     q = (    0.750000000   0.250000000   0.750000000 ) 

    1    1
  0.25988183   0.00000000     0.00640969  -0.00773307     0.00627314   0.00000000
  0.00640969   0.00773307     0.31134400   0.00000000     0.00640969   0.00773307
  0.00627314   0.00000000     0.00640969  -0.00773307     0.25988183   0.00000000
    1    2
 -0.06519597  -0.06387827     0.04866257   0.04600245     0.15191525  -0.04654696
  0.04866257   0.04600245    -0.08379087  -0.06216527     0.04866257   0.04600245
  0.15191525  -0.04654696     0.04866257   0.04600245    -0.06519597  -0.06387827
    2    1
 -0.06519597   0.06387827     0.04866257  -0.04600245     0.15191525   0.04654696
  0.04866257  -0.04600245    -0.08379087   0.06216527     0.04866257  -0.04600245
  0.15191525   0.04654696     0.04866257  -0.04600245    -0.06519597   0.06387827
    2    2
  0.25988183   0.00000000     0.00640969   0.00773307     0.00627314   0.00000000
  0.00640969  -0.00773307     0.31134400   0.00000000     0.00640969  -0.00773307
  0.00627314   0.00000000     0.00640969   0.00773307     0.25988183   0.00000000

     Dynamical  Matrix in cartesian axes

     q = (   -0.750000000   0.250000000   0.750000000 ) 

    1    1
  0.25988183   0.00000000    -0.00640969  -0.00773307    -0.00627314   0.00000000
 -0.00640969   0.00773307     0.31134400   0.00000000     0.00640969  -0.00773307
 -0.00627314   0.00000000     0.00640969   0.00773307     0.25988183   0.00000000
    1    2
  0.06519597  -0.06387827     0.04866257  -0.04600245     0.15191525   0.04654696
  0.04866257  -0.04600245     0.08379087  -0.06216527    -0.04866257   0.04600245
  0.15191525   0.04654696    -0.04866257   0.04600245     0.06519597  -0.06387827
    2    1
  0.06519597   0.06387827     0.04866257   0.04600245     0.15191525  -0.04654696
  0.04866257   0.04600245     0.08379087   0.06216527    -0.04866257  -0.04600245
  0.15191525  -0.04654696    -0.04866257  -0.04600245     0.06519597   0.06387827
    2    2
  0.25988183   0.00000000    -0.00640969   0.00773307    -0.00627314   0.00000000
 -0.00640969  -0.00773307     0.31134400   0.00000000     0.00640969   0.00773307
 -0.00627314   0.00000000     0.00640969  -0.00773307     0.25988183   0.00000000

     Dynamical  Matrix in cartesian axes

     q = (    0.750000000   0.250000000  -0.750000000 ) 

    1    1
  0.25988183   0.00000000     0.00640969   0.00773307    -0.00627314   0.00000000
  0.00640969  -0.00773307     0.31134400   0.00000000    -0.00640969   0.00773307
 -0.00627314   0.00000000    -0.00640969  -0.00773307     0.25988183   0.00000000
    1    2
 -0.06387827  -0.06519597     0.04600245   0.04866257     0.04654696  -0.15191525
  0.04600245   0.04866257    -0.06216527  -0.08379087    -0.04600245  -0.04866257
  0.04654696  -0.15191525    -0.04600245  -0.04866257    -0.06387827  -0.06519597
    2    1
 -0.06387827   0.06519597     0.04600245  -0.04866257     0.04654696   0.15191525
  0.04600245  -0.04866257    -0.06216527   0.08379087    -0.04600245   0.04866257
  0.04654696   0.15191525    -0.04600245   0.04866257    -0.06387827   0.06519597
    2    2
  0.25988183   0.00000000     0.00640969  -0.00773307    -0.00627314   0.00000000
  0.00640969   0.00773307     0.31134400   0.00000000    -0.00640969  -0.00773307
 -0.00627314   0.00000000    -0.00640969   0.00773307     0.25988183   0.00000000

     Dynamical  Matrix in cartesian axes

     q = (   -0.750000000   0.750000000   0.250000000 ) 

    1    1
  0.25988183   0.00000000    -0.00627314   0.00000000    -0.00640969  -0.00773307
 -0.00627314   0.00000000     0.25988183   0.00000000     0.00640969   0.00773307
 -0.00640969   0.00773307     0.00640969  -0.00773307     0.31134400   0.00000000
    1    2
  0.06519597  -0.06387827     0.15191525   0.04654696     0.04866257  -0.04600245
  0.15191525   0.04654696     0.06519597  -0.06387827    -0.04866257   0.04600245
  0.04866257  -0.04600245    -0.04866257   0.04600245     0.08379087  -0.06216527
    2    1
  0.06519597   0.06387827     0.15191525  -0.04654696     0.04866257   0.04600245
  0.15191525  -0.04654696     0.06519597   0.06387827    -0.04866257  -0.04600245
  0.04866257   0.04600245    -0.04866257  -0.04600245     0.08379087   0.06216527
    2    2
  0.25988183   0.00000000    -0.00627314   0.00000000    -0.00640969   0.00773307
 -0.00627314   0.00000000     0.25988183   0.00000000     0.00640969  -0.00773307
 -0.00640969  -0.00773307     0.00640969   0.00773307     0.31134400   0.00000000

     Dynamical  Matrix in cartesian axes

     q = (   -0.250000000   0.750000000   0.750000000 ) 

    1    1
  0.31134400   0.00000000    -0.00640969   0.00773307    -0.00640969   0.00773307
 -0.00640969  -0.00773307     0.25988183   0.00000000     0.00627314   0.00000000
 -0.00640969  -0.00773307     0.00627314   0.00000000     0.25988183   0.00000000
    1    2
  0.08379087  -0.06216527     0.04866257  -0.04600245     0.04866257  -0.04600245
  0.04866257  -0.04600245     0.06519597  -0.06387827    -0.15191525  -0.04654696
  0.04866257  -0.04600245    -0.15191525  -0.04654696     0.06519597  -0.06387827
    2    1
  0.08379087   0.06216527     0.04866257   0.04600245     0.04866257   0.04600245
  0.04866257   0.04600245     0.06519597   0.06387827    -0.15191525   0.04654696
  0.04866257   0.04600245    -0.15191525   0.04654696     0.06519597   0.06387827
    2    2
  0.31134400   0.00000000    -0.00640969  -0.00773307    -0.00640969  -0.00773307
 -0.00640969   0.00773307     0.25988183   0.00000000     0.00627314   0.00000000
 -0.00640969   0.00773307     0.00627314   0.00000000     0.25988183   0.00000000

     Dynamical  Matrix in cartesian axes

     q = (    0.250000000   0.750000000  -0.750000000 ) 

    1    1
  0.31134400   0.00000000     0.00640969  -0.00773307    -0.00640969   0.00773307
  0.00640969   0.00773307     0.25988183   0.00000000    -0.00627314   0.00000000
 -0.00640969  -0.00773307    -0.00627314   0.00000000     0.25988183   0.00000000
    1    2
 -0.08379087   0.06216527     0.04866257  -0.04600245    -0.04866257   0.04600245
  0.04866257  -0.04600245    -0.06519597   0.06387827    -0.15191525  -0.04654696
 -0.04866257   0.04600245    -0.15191525  -0.04654696    -0.06519597   0.06387827
    2    1
 -0.08379087  -0.06216527     0.04866257   0.04600245    -0.04866257  -0.04600245
  0.04866257   0.04600245    -0.06519597  -0.06387827    -0.15191525   0.04654696
 -0.04866257  -0.04600245    -0.15191525   0.04654696    -0.06519597  -0.06387827
    2    2
  0.31134400   0.00000000     0.00640969   0.00773307    -0.00640969  -0.00773307
  0.00640969  -0.00773307     0.25988183   0.00000000    -0.00627314   0.00000000
 -0.00640969   0.00773307    -0.00627314   0.00000000     0.25988183   0.00000000

     Dynamical  Matrix in cartesian axes

     q = (   -0.250000000  -0.750000000  -0.750000000 ) 

    1    1
  0.31134400   0.00000000     0.00640969  -0.00773307     0.00640969  -0.00773307
  0.00640969   0.00773307     0.25988183   0.00000000     0.00627314   0.00000000
  0.00640969   0.00773307     0.00627314   0.00000000     0.25988183   0.00000000
    1    2
 -0.06216527  -0.08379087     0.04600245   0.04866257     0.04600245   0.04866257
  0.04600245   0.04866257    -0.06387827  -0.06519597    -0.04654696   0.15191525
  0.04600245   0.04866257    -0.04654696   0.15191525    -0.06387827  -0.06519597
    2    1
 -0.06216527   0.08379087     0.04600245  -0.04866257     0.04600245  -0.04866257
  0.04600245  -0.04866257    -0.06387827   0.06519597    -0.04654696  -0.15191525
  0.04600245  -0.04866257    -0.04654696  -0.15191525    -0.06387827   0.06519597
    2    2
  0.31134400   0.00000000     0.00640969   0.00773307     0.00640969   0.00773307
  0.00640969  -0.00773307     0.25988183   0.00000000     0.00627314   0.00000000
  0.00640969  -0.00773307     0.00627314   0.00000000     0.25988183   0.00000000

     Dynamical  Matrix in cartesian axes

     q = (    0.750000000   0.750000000  -0.250000000 ) 

    1    1
  0.25988183   0.00000000     0.00627314   0.00000000    -0.00640969  -0.00773307
  0.00627314   0.00000000     0.25988183   0.00000000    -0.00640969  -0.00773307
 -0.00640969   0.00773307    -0.00640969   0.00773307     0.31134400   0.00000000
    1    2
 -0.06519597   0.06387827     0.15191525   0.04654696    -0.04866257   0.04600245
  0.15191525   0.04654696    -0.06519597   0.06387827    -0.04866257   0.04600245
 -0.04866257   0.04600245    -0.04866257   0.04600245    -0.08379087   0.06216527
    2    1
 -0.06519597  -0.06387827     0.15191525  -0.04654696    -0.04866257  -0.04600245
  0.15191525  -0.04654696    -0.06519597  -0.06387827    -0.04866257  -0.04600245
 -0.04866257  -0.04600245    -0.04866257  -0.04600245    -0.08379087  -0.06216527
    2    2
  0.25988183   0.00000000     0.00627314   0.00000000    -0.00640969   0.00773307
  0.00627314   0.00000000     0.25988183   0.00000000    -0.00640969   0.00773307
 -0.00640969  -0.00773307    -0.00640969  -0.00773307     0.31134400   0.00000000

     Dynamical  Matrix in cartesian axes

     q = (   -0.750000000  -0.750000000  -0.250000000 ) 

    1    1
  0.25988183   0.00000000     0.00627314   0.00000000     0.00640969   0.00773307
  0.00627314   0.00000000     0.25988183   0.00000000     0.00640969   0.00773307
  0.00640969  -0.00773307     0.00640969  -0.00773307     0.31134400   0.00000000
    1    2
 -0.06519597   0.06387827     0.15191525   0.04654696     0.04866257  -0.04600245
  0.15191525   0.04654696    -0.06519597   0.06387827     0.04866257  -0.04600245
  0.04866257  -0.04600245     0.04866257  -0.04600245    -0.08379087   0.06216527
    2    1
 -0.06519597  -0.06387827     0.15191525  -0.04654696     0.04866257   0.04600245
  0.15191525  -0.04654696    -0.06519597  -0.06387827     0.04866257   0.04600245
  0.04866257   0.04600245     0.04866257   0.04600245    -0.08379087  -0.06216527
    2    2
  0.25988183   0.00000000     0.00627314   0.00000000     0.00640969  -0.00773307
  0.00627314   0.00000000     0.25988183   0.00000000     0.00640969  -0.00773307
  0.00640969   0.00773307     0.00640969   0.00773307     0.31134400   0.00000000

     Dynamical  Matrix in cartesian axes

     q = (    0.250000000  -0.750000000   0.750000000 ) 

    1    1
  0.31134400   0.00000000    -0.00640969   0.00773307     0.00640969  -0.00773307
 -0.00640969  -0.00773307     0.25988183   0.00000000    -0.00627314   0.00000000
  0.00640969   0.00773307    -0.00627314   0.00000000     0.25988183   0.00000000
    1    2
 -0.08379087   0.06216527    -0.04866257   0.04600245     0.04866257  -0.04600245
 -0.04866257   0.04600245    -0.06519597   0.06387827    -0.15191525  -0.04654696
  0.04866257  -0.04600245    -0.15191525  -0.04654696    -0.06519597   0.06387827
    2    1
 -0.08379087  -0.06216527    -0.04866257  -0.04600245     0.04866257   0.04600245
 -0.04866257  -0.04600245    -0.06519597  -0.06387827    -0.15191525   0.04654696
  0.04866257   0.04600245    -0.15191525   0.04654696    -0.06519597  -0.06387827
    2    2
  0.31134400   0.00000000    -0.00640969  -0.00773307     0.00640969   0.00773307
 -0.00640969   0.00773307     0.25988183   0.00000000    -0.00627314   0.00000000
  0.00640969  -0.00773307    -0.00627314   0.00000000     0.25988183   0.00000000

     Dynamical  Matrix in cartesian axes

     q = (    0.750000000  -0.750000000   0.250000000 ) 

    1    1
  0.25988183   0.00000000    -0.00627314   0.00000000     0.00640969   0.00773307
 -0.00627314   0.00000000     0.25988183   0.00000000    -0.00640969  -0.00773307
  0.00640969  -0.00773307    -0.00640969   0.00773307     0.31134400   0.00000000
    1    2
 -0.06387827  -0.06519597     0.04654696  -0.15191525     0.04600245   0.04866257
  0.04654696  -0.15191525    -0.06387827  -0.06519597    -0.04600245  -0.04866257
  0.04600245   0.04866257    -0.04600245  -0.04866257    -0.06216527  -0.08379087
    2    1
 -0.06387827   0.06519597     0.04654696   0.15191525     0.04600245  -0.04866257
  0.04654696   0.15191525    -0.06387827   0.06519597    -0.04600245   0.04866257
  0.04600245  -0.04866257    -0.04600245   0.04866257    -0.06216527   0.08379087
    2    2
  0.25988183   0.00000000    -0.00627314   0.00000000     0.00640969  -0.00773307
 -0.00627314   0.00000000     0.25988183   0.00000000    -0.00640969   0.00773307
  0.00640969   0.00773307    -0.00640969  -0.00773307     0.31134400   0.00000000

     Dynamical  Matrix in cartesian axes

     q = (    0.250000000   0.750000000   0.750000000 ) 

    1    1
  0.31134400   0.00000000     0.00640969   0.00773307     0.00640969   0.00773307
  0.00640969  -0.00773307     0.25988183   0.00000000     0.00627314   0.00000000
  0.00640969  -0.00773307     0.00627314   0.00000000     0.25988183   0.00000000
    1    2
 -0.06216527   0.08379087     0.04600245  -0.04866257     0.04600245  -0.04866257
  0.04600245  -0.04866257    -0.06387827   0.06519597    -0.04654696  -0.15191525
  0.04600245  -0.04866257    -0.04654696  -0.15191525    -0.06387827   0.06519597
    2    1
 -0.06216527  -0.08379087     0.04600245   0.04866257     0.04600245   0.04866257
  0.04600245   0.04866257    -0.06387827  -0.06519597    -0.04654696   0.15191525
  0.04600245   0.04866257    -0.04654696   0.15191525    -0.06387827  -0.06519597
    2    2
  0.31134400   0.00000000     0.00640969  -0.00773307     0.00640969  -0.00773307
  0.00640969   0.00773307     0.25988183   0.00000000     0.00627314   0.00000000
  0.00640969   0.00773307     0.00627314   0.00000000     0.25988183   0.00000000

     Dynamical  Matrix in cartesian axes

     q = (   -0.750000000  -0.750000000   0.250000000 ) 

    1    1
  0.25988183   0.00000000     0.00627314   0.00000000    -0.00640969   0.00773307
  0.00627314   0.00000000     0.25988183   0.00000000    -0.00640969   0.00773307
 -0.00640969  -0.00773307    -0.00640969  -0.00773307     0.31134400   0.00000000
    1    2
 -0.06519597  -0.06387827     0.15191525  -0.04654696    -0.04866257  -0.04600245
  0.15191525  -0.04654696    -0.06519597  -0.06387827    -0.04866257  -0.04600245
 -0.04866257  -0.04600245    -0.04866257  -0.04600245    -0.08379087  -0.06216527
    2    1
 -0.06519597   0.06387827     0.15191525   0.04654696    -0.04866257   0.04600245
  0.15191525   0.04654696    -0.06519597   0.06387827    -0.04866257   0.04600245
 -0.04866257   0.04600245    -0.04866257   0.04600245    -0.08379087   0.06216527
    2    2
  0.25988183   0.00000000     0.00627314   0.00000000    -0.00640969  -0.00773307
  0.00627314   0.00000000     0.25988183   0.00000000    -0.00640969  -0.00773307
 -0.00640969   0.00773307    -0.00640969   0.00773307     0.31134400   0.00000000

     Dynamical  Matrix in cartesian axes

     q = (   -0.250000000  -0.750000000   0.750000000 ) 

    1    1
  0.31134400   0.00000000     0.00640969   0.00773307    -0.00640969  -0.00773307
  0.00640969  -0.00773307     0.25988183   0.00000000    -0.00627314   0.00000000
 -0.00640969   0.00773307    -0.00627314   0.00000000     0.25988183   0.00000000
    1    2
 -0.08379087  -0.06216527     0.04866257   0.04600245    -0.04866257  -0.04600245
  0.04866257   0.04600245    -0.06519597  -0.06387827    -0.15191525   0.04654696
 -0.04866257  -0.04600245    -0.15191525   0.04654696    -0.06519597  -0.06387827
    2    1
 -0.08379087   0.06216527     0.04866257  -0.04600245    -0.04866257   0.04600245
  0.04866257  -0.04600245    -0.06519597   0.06387827    -0.15191525  -0.04654696
 -0.04866257   0.04600245    -0.15191525  -0.04654696    -0.06519597   0.06387827
    2    2
  0.31134400   0.00000000     0.00640969  -0.00773307    -0.00640969   0.00773307
  0.00640969   0.00773307     0.25988183   0.00000000    -0.00627314   0.00000000
 -0.00640969  -0.00773307    -0.00627314   0.00000000     0.25988183   0.00000000

     Dynamical  Matrix in cartesian axes

     q = (    0.750000000   0.750000000   0.250000000 ) 

    1    1
  0.25988183   0.00000000     0.00627314   0.00000000     0.00640969  -0.00773307
  0.00627314   0.00000000     0.25988183   0.00000000     0.00640969  -0.00773307
  0.00640969   0.00773307     0.00640969   0.00773307     0.31134400   0.00000000
    1    2
 -0.06519597  -0.06387827     0.15191525  -0.04654696     0.04866257   0.04600245
  0.15191525  -0.04654696    -0.06519597  -0.06387827     0.04866257   0.04600245
  0.04866257   0.04600245     0.04866257   0.04600245    -0.08379087  -0.06216527
    2    1
 -0.06519597   0.06387827     0.15191525   0.04654696     0.04866257  -0.04600245
  0.15191525   0.04654696    -0.06519597   0.06387827     0.04866257  -0.04600245
  0.04866257  -0.04600245     0.04866257  -0.04600245    -0.08379087   0.06216527
    2    2
  0.25988183   0.00000000     0.00627314   0.00000000     0.00640969   0.00773307
  0.00627314   0.00000000     0.25988183   0.00000000     0.00640969   0.00773307
  0.00640969  -0.00773307     0.00640969  -0.00773307     0.31134400   0.00000000

     Dynamical  Matrix in cartesian axes

     q = (    0.250000000  -0.750000000  -0.750000000 ) 

    1    1
  0.31134400   0.00000000    -0.00640969  -0.00773307    -0.00640969  -0.00773307
 -0.00640969   0.00773307     0.25988183   0.00000000     0.00627314   0.00000000
 -0.00640969   0.00773307     0.00627314   0.00000000     0.25988183   0.00000000
    1    2
  0.08379087   0.06216527     0.04866257   0.04600245     0.04866257   0.04600245
  0.04866257   0.04600245     0.06519597   0.06387827    -0.15191525   0.04654696
  0.04866257   0.04600245    -0.15191525   0.04654696     0.06519597   0.06387827
    2    1
  0.08379087  -0.06216527     0.04866257  -0.04600245     0.04866257  -0.04600245
  0.04866257  -0.04600245     0.06519597  -0.06387827    -0.15191525  -0.04654696
  0.04866257  -0.04600245    -0.15191525  -0.04654696     0.06519597  -0.06387827
    2    2
  0.31134400   0.00000000    -0.00640969   0.00773307    -0.00640969   0.00773307
 -0.00640969  -0.00773307     0.25988183   0.00000000     0.00627314   0.00000000
 -0.00640969  -0.00773307     0.00627314   0.00000000     0.25988183   0.00000000

     Dynamical  Matrix in cartesian axes

     q = (    0.750000000  -0.750000000  -0.250000000 ) 

    1    1
  0.25988183   0.00000000    -0.00627314   0.00000000    -0.00640969   0.00773307
 -0.00627314   0.00000000     0.25988183   0.00000000     0.00640969  -0.00773307
 -0.00640969  -0.00773307     0.00640969   0.00773307     0.31134400   0.00000000
    1    2
  0.06519597   0.06387827     0.15191525  -0.04654696     0.04866257   0.04600245
  0.15191525  -0.04654696     0.06519597   0.06387827    -0.04866257  -0.04600245
  0.04866257   0.04600245    -0.04866257  -0.04600245     0.08379087   0.06216527
    2    1
  0.06519597  -0.06387827     0.15191525   0.04654696     0.04866257  -0.04600245
  0.15191525   0.04654696     0.06519597  -0.06387827    -0.04866257   0.04600245
  0.04866257  -0.04600245    -0.04866257   0.04600245     0.08379087  -0.06216527
    2    2
  0.25988183   0.00000000    -0.00627314   0.00000000    -0.00640969  -0.00773307
 -0.00627314   0.00000000     0.25988183   0.00000000     0.00640969   0.00773307
 -0.00640969   0.00773307     0.00640969  -0.00773307     0.31134400   0.00000000

     Diagonalizing the dynamical matrix

     q = (    0.750000000  -0.250000000   0.750000000 ) 

 **************************************************************************
     freq (    1) =       3.890916 [THz] =     129.786982 [cm-1]
 (  0.498414 -0.039787 -0.000000  0.000000 -0.498414  0.039787 ) 
 (  0.500000 -0.000000 -0.000000  0.000000 -0.500000  0.000000 ) 
     freq (    2) =       5.683519 [THz] =     189.581776 [cm-1]
 (  0.181475  0.383981 -0.152396  0.340626  0.181475  0.383981 ) 
 ( -0.424706  0.000000 -0.242846  0.283331 -0.424706  0.000000 ) 
     freq (    3) =       9.531618 [THz] =     317.940559 [cm-1]
 (  0.275216 -0.135631 -0.428035 -0.358479  0.275216 -0.135631 ) 
 ( -0.306822 -0.000000  0.225477 -0.510765 -0.306822  0.000000 ) 
     freq (    4) =      12.456707 [THz] =     415.511022 [cm-1]
 ( -0.313338 -0.039146  0.379764  0.395415 -0.313338 -0.039146 ) 
 ( -0.315774  0.000000  0.425854 -0.345285 -0.315774  0.000000 ) 
     freq (    5) =      14.117850 [THz] =     470.920778 [cm-1]
 (  0.498414 -0.039787 -0.000000 -0.000000 -0.498414  0.039787 ) 
 ( -0.500000  0.000000  0.000000  0.000000  0.500000  0.000000 ) 
     freq (    6) =      14.491812 [THz] =     483.394826 [cm-1]
 (  0.176436  0.307641 -0.214677  0.449854  0.176436  0.307641 ) 
 (  0.354644 -0.000000  0.283430 -0.410027  0.354644  0.000000 ) 
 **************************************************************************
