Dynamical matrix file
default                                                                    
  1    2   2  10.2273000   0.0000000   0.0000000   0.0000000   0.0000000   0.0000000
           1  'Si  '    25598.3672898282     
    1    1     -0.2500000000      0.2500000000      0.2500000000
    2    1     -0.5000000000      0.5000000000      0.5000000000

     Dynamical  Matrix in cartesian axes

     q = (    0.500000000  -0.250000000   0.750000000 ) 

    1    1
  0.26041230   0.00000000    -0.00848776  -0.00168779     0.00848776  -0.00168779
 -0.00848776   0.00168779     0.28408359   0.00000000    -0.00794335   0.01270870
  0.00848776   0.00168779    -0.00794335  -0.01270870     0.28408359   0.00000000
    1    2
 -0.06454866   0.06454866    -0.02425068   0.11660141     0.11660141  -0.02425068
 -0.02425068   0.11660141    -0.07458406   0.06776425    -0.04944758   0.04944758
  0.11660141  -0.02425068    -0.04944758   0.04944758    -0.06776425   0.07458406
    2    1
 -0.06454866  -0.06454866    -0.02425068  -0.11660141     0.11660141   0.02425068
 -0.02425068  -0.11660141    -0.07458406  -0.06776425    -0.04944758  -0.04944758
  0.11660141   0.02425068    -0.04944758  -0.04944758    -0.06776425  -0.07458406
    2    2
  0.26041230   0.00000000    -0.00848776   0.00168779     0.00848776   0.00168779
 -0.00848776  -0.00168779     0.28408359   0.00000000    -0.00794335  -0.01270870
  0.00848776  -0.00168779    -0.00794335   0.01270870     0.28408359   0.00000000

     Dynamical  Matrix in cartesian axes

     q = (    0.750000000   0.250000000   0.500000000 ) 

    1    1
  0.28408359   0.00000000     0.00794335  -0.01270870     0.00848776  -0.00168779
  0.00794335   0.01270870     0.28408359   0.00000000     0.00848776   0.00168779
  0.00848776   0.00168779     0.00848776  -0.00168779     0.26041230   0.00000000
    1    2
 -0.06776425  -0.07458406     0.04944758   0.04944758     0.11660141   0.02425068
  0.04944758   0.04944758    -0.07458406  -0.06776425     0.02425068   0.11660141
  0.11660141   0.02425068     0.02425068   0.11660141    -0.06454866  -0.06454866
    2    1
 -0.06776425   0.07458406     0.04944758  -0.04944758     0.11660141  -0.02425068
  0.04944758  -0.04944758    -0.07458406   0.06776425     0.02425068  -0.11660141
  0.11660141  -0.02425068     0.02425068  -0.11660141    -0.06454866   0.06454866
    2    2
  0.28408359   0.00000000     0.00794335   0.01270870     0.00848776   0.00168779
  0.00794335  -0.01270870     0.28408359   0.00000000     0.00848776  -0.00168779
  0.00848776  -0.00168779     0.00848776   0.00168779     0.26041230   0.00000000

     Dynamical  Matrix in cartesian axes

     q = (    0.500000000   0.250000000   0.750000000 ) 

    1    1
  0.26041230   0.00000000     0.00848776  -0.00168779     0.00848776   0.00168779
  0.00848776   0.00168779     0.28408359   0.00000000     0.00794335   0.01270870
  0.00848776  -0.00168779     0.00794335  -0.01270870     0.28408359   0.00000000
    1    2
 -0.09128559   0.00000000     0.09959747   0.06530182     0.09959747  -0.06530182
  0.09959747   0.06530182    -0.10065546   0.00482233     0.06992943   0.00000000
  0.09959747  -0.06530182     0.06992943   0.00000000    -0.10065546  -0.00482233
    2    1
 -0.09128559   0.00000000     0.09959747  -0.06530182     0.09959747   0.06530182
  0.09959747  -0.06530182    -0.10065546  -0.00482233     0.06992943   0.00000000
  0.09959747   0.06530182     0.06992943   0.00000000    -0.10065546   0.00482233
    2    2
  0.26041230   0.00000000     0.00848776   0.00168779     0.00848776  -0.00168779
  0.00848776  -0.00168779     0.28408359   0.00000000     0.00794335  -0.01270870
  0.00848776   0.00168779     0.00794335   0.01270870     0.28408359   0.00000000

     Dynamical  Matrix in cartesian axes

     q = (    0.750000000  -0.250000000  -0.500000000 ) 

    1    1
  0.28408359   0.00000000    -0.00794335   0.01270870    -0.00848776   0.00168779
 -0.00794335  -0.01270870     0.28408359   0.00000000     0.00848776   0.00168779
 -0.00848776  -0.00168779     0.00848776  -0.00168779     0.26041230   0.00000000
    1    2
  0.10065546   0.00482233     0.06992943   0.00000000     0.09959747  -0.06530182
  0.06992943  -0.00000000     0.10065546  -0.00482233    -0.09959747  -0.06530182
  0.09959747  -0.06530182    -0.09959747  -0.06530182     0.09128559  -0.00000000
    2    1
  0.10065546  -0.00482233     0.06992943  -0.00000000     0.09959747   0.06530182
  0.06992943   0.00000000     0.10065546   0.00482233    -0.09959747   0.06530182
  0.09959747   0.06530182    -0.09959747   0.06530182     0.09128559   0.00000000
    2    2
  0.28408359   0.00000000    -0.00794335  -0.01270870    -0.00848776  -0.00168779
 -0.00794335   0.01270870     0.28408359   0.00000000     0.00848776  -0.00168779
 -0.00848776   0.00168779     0.00848776   0.00168779     0.26041230   0.00000000

     Dynamical  Matrix in cartesian axes

     q = (    0.750000000  -0.250000000   0.500000000 ) 

    1    1
  0.28408359   0.00000000    -0.00794335  -0.01270870     0.00848776   0.00168779
 -0.00794335   0.01270870     0.28408359   0.00000000    -0.00848776   0.00168779
  0.00848776  -0.00168779    -0.00848776  -0.00168779     0.26041230   0.00000000
    1    2
 -0.10065546   0.00482233    -0.06992943   0.00000000     0.09959747   0.06530182
 -0.06992943  -0.00000000    -0.10065546  -0.00482233    -0.09959747   0.06530182
  0.09959747   0.06530182    -0.09959747   0.06530182    -0.09128559  -0.00000000
    2    1
 -0.10065546  -0.00482233    -0.06992943  -0.00000000     0.09959747  -0.06530182
 -0.06992943   0.00000000    -0.10065546   0.00482233    -0.09959747  -0.06530182
  0.09959747  -0.06530182    -0.09959747  -0.06530182    -0.09128559   0.00000000
    2    2
  0.28408359   0.00000000    -0.00794335   0.01270870     0.00848776  -0.00168779
 -0.00794335  -0.01270870     0.28408359   0.00000000    -0.00848776  -0.00168779
  0.00848776   0.00168779    -0.00848776   0.00168779     0.26041230   0.00000000

     Dynamical  Matrix in cartesian axes

     q = (   -0.750000000  -0.250000000   0.500000000 ) 

    1    1
  0.28408359   0.00000000     0.00794335  -0.01270870    -0.00848776   0.00168779
  0.00794335   0.01270870     0.28408359   0.00000000    -0.00848776  -0.00168779
 -0.00848776  -0.00168779    -0.00848776   0.00168779     0.26041230   0.00000000
    1    2
 -0.07458406   0.06776425     0.04944758  -0.04944758    -0.02425068   0.11660141
  0.04944758  -0.04944758    -0.06776425   0.07458406    -0.11660141   0.02425068
 -0.02425068   0.11660141    -0.11660141   0.02425068    -0.06454866   0.06454866
    2    1
 -0.07458406  -0.06776425     0.04944758   0.04944758    -0.02425068  -0.11660141
  0.04944758   0.04944758    -0.06776425  -0.07458406    -0.11660141  -0.02425068
 -0.02425068  -0.11660141    -0.11660141  -0.02425068    -0.06454866  -0.06454866
    2    2
  0.28408359   0.00000000     0.00794335   0.01270870    -0.00848776  -0.00168779
  0.00794335  -0.01270870     0.28408359   0.00000000    -0.00848776   0.00168779
 -0.00848776   0.00168779    -0.00848776  -0.00168779     0.26041230   0.00000000

     Dynamical  Matrix in cartesian axes

     q = (   -0.500000000  -0.250000000  -0.750000000 ) 

    1    1
  0.26041230   0.00000000     0.00848776   0.00168779     0.00848776  -0.00168779
  0.00848776  -0.00168779     0.28408359   0.00000000     0.00794335  -0.01270870
  0.00848776   0.00168779     0.00794335   0.01270870     0.28408359   0.00000000
    1    2
 -0.09128559   0.00000000     0.09959747  -0.06530182     0.09959747   0.06530182
  0.09959747  -0.06530182    -0.10065546  -0.00482233     0.06992943   0.00000000
  0.09959747   0.06530182     0.06992943   0.00000000    -0.10065546   0.00482233
    2    1
 -0.09128559   0.00000000     0.09959747   0.06530182     0.09959747  -0.06530182
  0.09959747   0.06530182    -0.10065546   0.00482233     0.06992943   0.00000000
  0.09959747  -0.06530182     0.06992943   0.00000000    -0.10065546  -0.00482233
    2    2
  0.26041230   0.00000000     0.00848776  -0.00168779     0.00848776   0.00168779
  0.00848776   0.00168779     0.28408359   0.00000000     0.00794335   0.01270870
  0.00848776  -0.00168779     0.00794335  -0.01270870     0.28408359   0.00000000

     Dynamical  Matrix in cartesian axes

     q = (   -0.750000000   0.250000000  -0.500000000 ) 

    1    1
  0.28408359   0.00000000    -0.00794335   0.01270870     0.00848776  -0.00168779
 -0.00794335  -0.01270870     0.28408359   0.00000000    -0.00848776  -0.00168779
  0.00848776   0.00168779    -0.00848776   0.00168779     0.26041230   0.00000000
    1    2
 -0.10065546  -0.00482233    -0.06992943  -0.00000000     0.09959747  -0.06530182
 -0.06992943   0.00000000    -0.10065546   0.00482233    -0.09959747  -0.06530182
  0.09959747  -0.06530182    -0.09959747  -0.06530182    -0.09128559   0.00000000
    2    1
 -0.10065546   0.00482233    -0.06992943   0.00000000     0.09959747   0.06530182
 -0.06992943  -0.00000000    -0.10065546  -0.00482233    -0.09959747   0.06530182
  0.09959747   0.06530182    -0.09959747   0.06530182    -0.09128559  -0.00000000
    2    2
  0.28408359   0.00000000    -0.00794335  -0.01270870     0.00848776   0.00168779
 -0.00794335   0.01270870     0.28408359   0.00000000    -0.00848776   0.00168779
  0.00848776  -0.00168779    -0.00848776  -0.00168779     0.26041230   0.00000000

     Dynamical  Matrix in cartesian axes

     q = (   -0.500000000  -0.250000000   0.750000000 ) 

    1    1
  0.26041230   0.00000000     0.00848776  -0.00168779    -0.00848776  -0.00168779
  0.00848776   0.00168779     0.28408359   0.00000000    -0.00794335  -0.01270870
 -0.00848776   0.00168779    -0.00794335   0.01270870     0.28408359   0.00000000
    1    2
 -0.06454866   0.06454866     0.11660141  -0.02425068    -0.02425068   0.11660141
  0.11660141  -0.02425068    -0.06776425   0.07458406    -0.04944758   0.04944758
 -0.02425068   0.11660141    -0.04944758   0.04944758    -0.07458406   0.06776425
    2    1
 -0.06454866  -0.06454866     0.11660141   0.02425068    -0.02425068  -0.11660141
  0.11660141   0.02425068    -0.06776425  -0.07458406    -0.04944758  -0.04944758
 -0.02425068  -0.11660141    -0.04944758  -0.04944758    -0.07458406  -0.06776425
    2    2
  0.26041230   0.00000000     0.00848776   0.00168779    -0.00848776   0.00168779
  0.00848776  -0.00168779     0.28408359   0.00000000    -0.00794335   0.01270870
 -0.00848776  -0.00168779    -0.00794335  -0.01270870     0.28408359   0.00000000

     Dynamical  Matrix in cartesian axes

     q = (   -0.750000000   0.250000000   0.500000000 ) 

    1    1
  0.28408359   0.00000000    -0.00794335  -0.01270870    -0.00848776  -0.00168779
 -0.00794335   0.01270870     0.28408359   0.00000000     0.00848776  -0.00168779
 -0.00848776   0.00168779     0.00848776   0.00168779     0.26041230   0.00000000
    1    2
  0.10065546  -0.00482233     0.06992943  -0.00000000     0.09959747   0.06530182
  0.06992943   0.00000000     0.10065546   0.00482233    -0.09959747   0.06530182
  0.09959747   0.06530182    -0.09959747   0.06530182     0.09128559   0.00000000
    2    1
  0.10065546   0.00482233     0.06992943   0.00000000     0.09959747  -0.06530182
  0.06992943  -0.00000000     0.10065546  -0.00482233    -0.09959747  -0.06530182
  0.09959747  -0.06530182    -0.09959747  -0.06530182     0.09128559  -0.00000000
    2    2
  0.28408359   0.00000000    -0.00794335   0.01270870    -0.00848776   0.00168779
 -0.00794335  -0.01270870     0.28408359   0.00000000     0.00848776   0.00168779
 -0.00848776  -0.00168779     0.00848776  -0.00168779     0.26041230   0.00000000

     Dynamical  Matrix in cartesian axes

     q = (    0.750000000   0.250000000  -0.500000000 ) 

    1    1
  0.28408359   0.00000000     0.00794335   0.01270870    -0.00848776  -0.00168779
  0.00794335  -0.01270870     0.28408359   0.00000000    -0.00848776   0.00168779
 -0.00848776   0.00168779    -0.00848776  -0.00168779     0.26041230   0.00000000
    1    2
 -0.07458406  -0.06776425     0.04944758   0.04944758    -0.02425068  -0.11660141
  0.04944758   0.04944758    -0.06776425  -0.07458406    -0.11660141  -0.02425068
 -0.02425068  -0.11660141    -0.11660141  -0.02425068    -0.06454866  -0.06454866
    2    1
 -0.07458406   0.06776425     0.04944758  -0.04944758    -0.02425068   0.11660141
  0.04944758  -0.04944758    -0.06776425   0.07458406    -0.11660141   0.02425068
 -0.02425068   0.11660141    -0.11660141   0.02425068    -0.06454866   0.06454866
    2    2
  0.28408359   0.00000000     0.00794335  -0.01270870    -0.00848776   0.00168779
  0.00794335   0.01270870     0.28408359   0.00000000    -0.00848776  -0.00168779
 -0.00848776  -0.00168779    -0.00848776   0.00168779     0.26041230   0.00000000

     Dynamical  Matrix in cartesian axes

     q = (   -0.500000000   0.250000000   0.750000000 ) 

    1    1
  0.26041230   0.00000000    -0.00848776  -0.00168779    -0.00848776   0.00168779
 -0.00848776   0.00168779     0.28408359   0.00000000     0.00794335  -0.01270870
 -0.00848776  -0.00168779     0.00794335   0.01270870     0.28408359   0.00000000
    1    2
  0.09128559   0.00000000     0.09959747  -0.06530182     0.09959747   0.06530182
  0.09959747  -0.06530182     0.10065546   0.00482233    -0.06992943  -0.00000000
  0.09959747   0.06530182    -0.06992943   0.00000000     0.10065546  -0.00482233
    2    1
  0.09128559  -0.00000000     0.09959747   0.06530182     0.09959747  -0.06530182
  0.09959747   0.06530182     0.10065546  -0.00482233    -0.06992943   0.00000000
  0.09959747  -0.06530182    -0.06992943  -0.00000000     0.10065546   0.00482233
    2    2
  0.26041230   0.00000000    -0.00848776   0.00168779    -0.00848776  -0.00168779
 -0.00848776  -0.00168779     0.28408359   0.00000000     0.00794335   0.01270870
 -0.00848776   0.00168779     0.00794335  -0.01270870     0.28408359   0.00000000

     Dynamical  Matrix in cartesian axes

     q = (   -0.750000000  -0.250000000  -0.500000000 ) 

    1    1
  0.28408359   0.00000000     0.00794335   0.01270870     0.00848776   0.00168779
  0.00794335  -0.01270870     0.28408359   0.00000000     0.00848776  -0.00168779
  0.00848776  -0.00168779     0.00848776   0.00168779     0.26041230   0.00000000
    1    2
 -0.06776425   0.07458406     0.04944758  -0.04944758     0.11660141  -0.02425068
  0.04944758  -0.04944758    -0.07458406   0.06776425     0.02425068  -0.11660141
  0.11660141  -0.02425068     0.02425068  -0.11660141    -0.06454866   0.06454866
    2    1
 -0.06776425  -0.07458406     0.04944758   0.04944758     0.11660141   0.02425068
  0.04944758   0.04944758    -0.07458406  -0.06776425     0.02425068   0.11660141
  0.11660141   0.02425068     0.02425068   0.11660141    -0.06454866  -0.06454866
    2    2
  0.28408359   0.00000000     0.00794335  -0.01270870     0.00848776  -0.00168779
  0.00794335   0.01270870     0.28408359   0.00000000     0.00848776   0.00168779
  0.00848776   0.00168779     0.00848776  -0.00168779     0.26041230   0.00000000

     Dynamical  Matrix in cartesian axes

     q = (    0.500000000   0.250000000  -0.750000000 ) 

    1    1
  0.26041230   0.00000000     0.00848776   0.00168779    -0.00848776   0.00168779
  0.00848776  -0.00168779     0.28408359   0.00000000    -0.00794335   0.01270870
 -0.00848776  -0.00168779    -0.00794335  -0.01270870     0.28408359   0.00000000
    1    2
 -0.06454866  -0.06454866     0.11660141   0.02425068    -0.02425068  -0.11660141
  0.11660141   0.02425068    -0.06776425  -0.07458406    -0.04944758  -0.04944758
 -0.02425068  -0.11660141    -0.04944758  -0.04944758    -0.07458406  -0.06776425
    2    1
 -0.06454866   0.06454866     0.11660141  -0.02425068    -0.02425068   0.11660141
  0.11660141  -0.02425068    -0.06776425   0.07458406    -0.04944758   0.04944758
 -0.02425068   0.11660141    -0.04944758   0.04944758    -0.07458406   0.06776425
    2    2
  0.26041230   0.00000000     0.00848776  -0.00168779    -0.00848776  -0.00168779
  0.00848776   0.00168779     0.28408359   0.00000000    -0.00794335  -0.01270870
 -0.00848776   0.00168779    -0.00794335   0.01270870     0.28408359   0.00000000

     Dynamical  Matrix in cartesian axes

     q = (   -0.500000000   0.250000000  -0.750000000 ) 

    1    1
  0.26041230   0.00000000    -0.00848776   0.00168779     0.00848776   0.00168779
 -0.00848776  -0.00168779     0.28408359   0.00000000    -0.00794335  -0.01270870
  0.00848776  -0.00168779    -0.00794335   0.01270870     0.28408359   0.00000000
    1    2
 -0.06454866  -0.06454866    -0.02425068  -0.11660141     0.11660141   0.02425068
 -0.02425068  -0.11660141    -0.07458406  -0.06776425    -0.04944758  -0.04944758
  0.11660141   0.02425068    -0.04944758  -0.04944758    -0.06776425  -0.07458406
    2    1
 -0.06454866   0.06454866    -0.02425068   0.11660141     0.11660141  -0.02425068
 -0.02425068   0.11660141    -0.07458406   0.06776425    -0.04944758   0.04944758
  0.11660141  -0.02425068    -0.04944758   0.04944758    -0.06776425   0.07458406
    2    2
  0.26041230   0.00000000    -0.00848776  -0.00168779     0.00848776  -0.00168779
 -0.00848776   0.00168779     0.28408359   0.00000000    -0.00794335   0.01270870
  0.00848776   0.00168779    -0.00794335  -0.01270870     0.28408359   0.00000000

     Dynamical  Matrix in cartesian axes

     q = (   -0.250000000   0.500000000  -0.750000000 ) 

    1    1
  0.28408359   0.00000000    -0.00848776  -0.00168779     0.00794335   0.01270870
 -0.00848776   0.00168779     0.26041230   0.00000000    -0.00848776  -0.00168779
  0.00794335  -0.01270870    -0.00848776   0.00168779     0.28408359   0.00000000
    1    2
 -0.07458406  -0.06776425    -0.02425068  -0.11660141     0.04944758   0.04944758
 -0.02425068  -0.11660141    -0.06454866  -0.06454866    -0.11660141  -0.02425068
  0.04944758   0.04944758    -0.11660141  -0.02425068    -0.06776425  -0.07458406
    2    1
 -0.07458406   0.06776425    -0.02425068   0.11660141     0.04944758  -0.04944758
 -0.02425068   0.11660141    -0.06454866   0.06454866    -0.11660141   0.02425068
  0.04944758  -0.04944758    -0.11660141   0.02425068    -0.06776425   0.07458406
    2    2
  0.28408359   0.00000000    -0.00848776   0.00168779     0.00794335  -0.01270870
 -0.00848776  -0.00168779     0.26041230   0.00000000    -0.00848776   0.00168779
  0.00794335   0.01270870    -0.00848776  -0.00168779     0.28408359   0.00000000

     Dynamical  Matrix in cartesian axes

     q = (    0.750000000   0.500000000  -0.250000000 ) 

    1    1
  0.28408359   0.00000000     0.00848776   0.00168779    -0.00794335  -0.01270870
  0.00848776  -0.00168779     0.26041230   0.00000000    -0.00848776  -0.00168779
 -0.00794335   0.01270870    -0.00848776   0.00168779     0.28408359   0.00000000
    1    2
 -0.10065546   0.00482233     0.09959747   0.06530182    -0.06992943   0.00000000
  0.09959747   0.06530182    -0.09128559   0.00000000    -0.09959747   0.06530182
 -0.06992943  -0.00000000    -0.09959747   0.06530182    -0.10065546  -0.00482233
    2    1
 -0.10065546  -0.00482233     0.09959747  -0.06530182    -0.06992943  -0.00000000
  0.09959747  -0.06530182    -0.09128559   0.00000000    -0.09959747  -0.06530182
 -0.06992943   0.00000000    -0.09959747  -0.06530182    -0.10065546   0.00482233
    2    2
  0.28408359   0.00000000     0.00848776  -0.00168779    -0.00794335   0.01270870
  0.00848776   0.00168779     0.26041230   0.00000000    -0.00848776   0.00168779
 -0.00794335  -0.01270870    -0.00848776  -0.00168779     0.28408359   0.00000000

     Dynamical  Matrix in cartesian axes

     q = (   -0.750000000  -0.500000000  -0.250000000 ) 

    1    1
  0.28408359   0.00000000     0.00848776   0.00168779     0.00794335   0.01270870
  0.00848776  -0.00168779     0.26041230   0.00000000     0.00848776   0.00168779
  0.00794335  -0.01270870     0.00848776  -0.00168779     0.28408359   0.00000000
    1    2
 -0.06776425   0.07458406     0.11660141  -0.02425068     0.04944758  -0.04944758
  0.11660141  -0.02425068    -0.06454866   0.06454866     0.02425068  -0.11660141
  0.04944758  -0.04944758     0.02425068  -0.11660141    -0.07458406   0.06776425
    2    1
 -0.06776425  -0.07458406     0.11660141   0.02425068     0.04944758   0.04944758
  0.11660141   0.02425068    -0.06454866  -0.06454866     0.02425068   0.11660141
  0.04944758   0.04944758     0.02425068   0.11660141    -0.07458406  -0.06776425
    2    2
  0.28408359   0.00000000     0.00848776  -0.00168779     0.00794335  -0.01270870
  0.00848776   0.00168779     0.26041230   0.00000000     0.00848776  -0.00168779
  0.00794335   0.01270870     0.00848776   0.00168779     0.28408359   0.00000000

     Dynamical  Matrix in cartesian axes

     q = (   -0.750000000   0.500000000   0.250000000 ) 

    1    1
  0.28408359   0.00000000    -0.00848776  -0.00168779    -0.00794335  -0.01270870
 -0.00848776   0.00168779     0.26041230   0.00000000     0.00848776   0.00168779
 -0.00794335   0.01270870     0.00848776  -0.00168779     0.28408359   0.00000000
    1    2
  0.10065546  -0.00482233     0.09959747   0.06530182     0.06992943  -0.00000000
  0.09959747   0.06530182     0.09128559   0.00000000    -0.09959747   0.06530182
  0.06992943   0.00000000    -0.09959747   0.06530182     0.10065546   0.00482233
    2    1
  0.10065546   0.00482233     0.09959747  -0.06530182     0.06992943   0.00000000
  0.09959747  -0.06530182     0.09128559  -0.00000000    -0.09959747  -0.06530182
  0.06992943  -0.00000000    -0.09959747  -0.06530182     0.10065546  -0.00482233
    2    2
  0.28408359   0.00000000    -0.00848776   0.00168779    -0.00794335   0.01270870
 -0.00848776  -0.00168779     0.26041230   0.00000000     0.00848776  -0.00168779
 -0.00794335  -0.01270870     0.00848776   0.00168779     0.28408359   0.00000000

     Dynamical  Matrix in cartesian axes

     q = (    0.250000000  -0.500000000   0.750000000 ) 

    1    1
  0.28408359   0.00000000    -0.00848776   0.00168779     0.00794335  -0.01270870
 -0.00848776  -0.00168779     0.26041230   0.00000000    -0.00848776   0.00168779
  0.00794335   0.01270870    -0.00848776  -0.00168779     0.28408359   0.00000000
    1    2
 -0.07458406   0.06776425    -0.02425068   0.11660141     0.04944758  -0.04944758
 -0.02425068   0.11660141    -0.06454866   0.06454866    -0.11660141   0.02425068
  0.04944758  -0.04944758    -0.11660141   0.02425068    -0.06776425   0.07458406
    2    1
 -0.07458406  -0.06776425    -0.02425068  -0.11660141     0.04944758   0.04944758
 -0.02425068  -0.11660141    -0.06454866  -0.06454866    -0.11660141  -0.02425068
  0.04944758   0.04944758    -0.11660141  -0.02425068    -0.06776425  -0.07458406
    2    2
  0.28408359   0.00000000    -0.00848776  -0.00168779     0.00794335   0.01270870
 -0.00848776   0.00168779     0.26041230   0.00000000    -0.00848776  -0.00168779
  0.00794335  -0.01270870    -0.00848776   0.00168779     0.28408359   0.00000000

     Dynamical  Matrix in cartesian axes

     q = (   -0.250000000   0.500000000   0.750000000 ) 

    1    1
  0.28408359   0.00000000    -0.00848776   0.00168779    -0.00794335   0.01270870
 -0.00848776  -0.00168779     0.26041230   0.00000000     0.00848776  -0.00168779
 -0.00794335  -0.01270870     0.00848776   0.00168779     0.28408359   0.00000000
    1    2
  0.10065546   0.00482233     0.09959747  -0.06530182     0.06992943   0.00000000
  0.09959747  -0.06530182     0.09128559   0.00000000    -0.09959747  -0.06530182
  0.06992943  -0.00000000    -0.09959747  -0.06530182     0.10065546  -0.00482233
    2    1
  0.10065546  -0.00482233     0.09959747   0.06530182     0.06992943  -0.00000000
  0.09959747   0.06530182     0.09128559  -0.00000000    -0.09959747   0.06530182
  0.06992943   0.00000000    -0.09959747   0.06530182     0.10065546   0.00482233
    2    2
  0.28408359   0.00000000    -0.00848776  -0.00168779    -0.00794335  -0.01270870
 -0.00848776   0.00168779     0.26041230   0.00000000     0.00848776   0.00168779
 -0.00794335   0.01270870     0.00848776  -0.00168779     0.28408359   0.00000000

     Dynamical  Matrix in cartesian axes

     q = (    0.250000000   0.500000000  -0.750000000 ) 

    1    1
  0.28408359   0.00000000     0.00848776  -0.00168779    -0.00794335   0.01270870
  0.00848776   0.00168779     0.26041230   0.00000000    -0.00848776   0.00168779
 -0.00794335  -0.01270870    -0.00848776  -0.00168779     0.28408359   0.00000000
    1    2
 -0.10065546  -0.00482233     0.09959747  -0.06530182    -0.06992943  -0.00000000
  0.09959747  -0.06530182    -0.09128559   0.00000000    -0.09959747  -0.06530182
 -0.06992943   0.00000000    -0.09959747  -0.06530182    -0.10065546   0.00482233
    2    1
 -0.10065546   0.00482233     0.09959747   0.06530182    -0.06992943   0.00000000
  0.09959747   0.06530182    -0.09128559   0.00000000    -0.09959747   0.06530182
 -0.06992943  -0.00000000    -0.09959747   0.06530182    -0.10065546  -0.00482233
    2    2
  0.28408359   0.00000000     0.00848776   0.00168779    -0.00794335  -0.01270870
  0.00848776  -0.00168779     0.26041230   0.00000000    -0.00848776  -0.00168779
 -0.00794335   0.01270870    -0.00848776   0.00168779     0.28408359   0.00000000

     Dynamical  Matrix in cartesian axes

     q = (   -0.250000000  -0.500000000  -0.750000000 ) 

    1    1
  0.28408359   0.00000000     0.00848776  -0.00168779     0.00794335  -0.01270870
  0.00848776   0.00168779     0.26041230   0.00000000     0.00848776  -0.00168779
  0.00794335   0.01270870     0.00848776   0.00168779     0.28408359   0.00000000
    1    2
 -0.06776425  -0.07458406     0.11660141   0.02425068     0.04944758   0.04944758
  0.11660141   0.02425068    -0.06454866  -0.06454866     0.02425068   0.11660141
  0.04944758   0.04944758     0.02425068   0.11660141    -0.07458406  -0.06776425
    2    1
 -0.06776425   0.07458406     0.11660141  -0.02425068     0.04944758  -0.04944758
  0.11660141  -0.02425068    -0.06454866   0.06454866     0.02425068  -0.11660141
  0.04944758  -0.04944758     0.02425068  -0.11660141    -0.07458406   0.06776425
    2    2
  0.28408359   0.00000000     0.00848776   0.00168779     0.00794335   0.01270870
  0.00848776  -0.00168779     0.26041230   0.00000000     0.00848776   0.00168779
  0.00794335  -0.01270870     0.00848776  -0.00168779     0.28408359   0.00000000

     Dynamical  Matrix in cartesian axes

     q = (    0.500000000  -0.250000000  -0.750000000 ) 

    1    1
  0.26041230   0.00000000    -0.00848776   0.00168779    -0.00848776  -0.00168779
 -0.00848776  -0.00168779     0.28408359   0.00000000     0.00794335   0.01270870
 -0.00848776   0.00168779     0.00794335  -0.01270870     0.28408359   0.00000000
    1    2
  0.09128559  -0.00000000     0.09959747   0.06530182     0.09959747  -0.06530182
  0.09959747   0.06530182     0.10065546  -0.00482233    -0.06992943   0.00000000
  0.09959747  -0.06530182    -0.06992943  -0.00000000     0.10065546   0.00482233
    2    1
  0.09128559   0.00000000     0.09959747  -0.06530182     0.09959747   0.06530182
  0.09959747  -0.06530182     0.10065546   0.00482233    -0.06992943  -0.00000000
  0.09959747   0.06530182    -0.06992943   0.00000000     0.10065546  -0.00482233
    2    2
  0.26041230   0.00000000    -0.00848776  -0.00168779    -0.00848776   0.00168779
 -0.00848776   0.00168779     0.28408359   0.00000000     0.00794335  -0.01270870
 -0.00848776  -0.00168779     0.00794335   0.01270870     0.28408359   0.00000000

     Diagonalizing the dynamical matrix

     q = (    0.500000000  -0.250000000   0.750000000 ) 

 **************************************************************************
     freq (    1) =       4.335179 [THz] =     144.606020 [cm-1]
 ( -0.505304  0.272933 -0.206262  0.206262  0.285585 -0.059403 ) 
 ( -0.550297 -0.164311 -0.243943 -0.159935  0.291698  0.000000 ) 
     freq (    2) =       5.476581 [THz] =     182.679077 [cm-1]
 ( -0.211948 -0.149323  0.328930 -0.328930  0.199029 -0.420450 ) 
 (  0.044282  0.255457  0.438037 -0.156568  0.465178  0.000000 ) 
     freq (    3) =       9.815086 [THz] =     327.396034 [cm-1]
 (  0.133847 -0.358933 -0.297175  0.297175 -0.030039 -0.419194 ) 
 ( -0.348448  0.159160  0.275174 -0.317656 -0.420269  0.000000 ) 
     freq (    4) =      11.910427 [THz] =     397.289085 [cm-1]
 (  0.066103 -0.294272 -0.319779  0.319779 -0.152293 -0.425822 ) 
 (  0.254823 -0.161340 -0.193414  0.408789  0.452236  0.000000 ) 
     freq (    5) =      14.263937 [THz] =     475.793738 [cm-1]
 (  0.473412 -0.248825  0.231283 -0.231283 -0.321655  0.059341 ) 
 ( -0.510699 -0.158807 -0.269405 -0.185484  0.327083  0.000000 ) 
     freq (    6) =      14.498639 [THz] =     483.622551 [cm-1]
 (  0.256170  0.116563 -0.324342  0.324342 -0.031464  0.457608 ) 
 (  0.098717  0.263562  0.345826 -0.301329  0.458688  0.000000 ) 
 **************************************************************************
