Dynamical matrix file
default                                                                    
  1    2   2  10.2273000   0.0000000   0.0000000   0.0000000   0.0000000   0.0000000
           1  'Si  '    25598.3672898282     
    1    1     -0.2500000000      0.2500000000      0.2500000000
    2    1     -0.5000000000      0.5000000000      0.5000000000

     Dynamical  Matrix in cartesian axes

     q = (   -0.375000000   0.375000000  -0.375000000 ) 

    1    1
  0.28731340  -0.00000000    -0.01809986   0.00000000     0.01809986  -0.00000000
 -0.01809986   0.00000000     0.28731340  -0.00000000    -0.01809986   0.00000000
  0.01809986  -0.00000000    -0.01809986   0.00000000     0.28731340  -0.00000000
    1    2
 -0.16891289   0.04152843    -0.07981438  -0.03320228     0.07981438   0.03320228
 -0.07981438  -0.03320228    -0.16891289   0.04152843    -0.07981438  -0.03320228
  0.07981438   0.03320228    -0.07981438  -0.03320228    -0.16891289   0.04152843
    2    1
 -0.16891289  -0.04152843    -0.07981438   0.03320228     0.07981438  -0.03320228
 -0.07981438   0.03320228    -0.16891289  -0.04152843    -0.07981438   0.03320228
  0.07981438  -0.03320228    -0.07981438   0.03320228    -0.16891289  -0.04152843
    2    2
  0.28731340  -0.00000000    -0.01809986   0.00000000     0.01809986  -0.00000000
 -0.01809986   0.00000000     0.28731340  -0.00000000    -0.01809986   0.00000000
  0.01809986  -0.00000000    -0.01809986   0.00000000     0.28731340  -0.00000000

     Dynamical  Matrix in cartesian axes

     q = (    0.375000000  -0.375000000  -0.375000000 ) 

    1    1
  0.28731340  -0.00000000    -0.01809986  -0.00000000    -0.01809986  -0.00000000
 -0.01809986  -0.00000000     0.28731340  -0.00000000     0.01809986  -0.00000000
 -0.01809986  -0.00000000     0.01809986   0.00000000     0.28731340  -0.00000000
    1    2
  0.09007442  -0.14880448     0.07991485  -0.03295973     0.07991485  -0.03295973
  0.07991485  -0.03295973     0.09007442  -0.14880448    -0.07991485   0.03295973
  0.07991485  -0.03295973    -0.07991485   0.03295973     0.09007442  -0.14880448
    2    1
  0.09007442   0.14880448     0.07991485   0.03295973     0.07991485   0.03295973
  0.07991485   0.03295973     0.09007442   0.14880448    -0.07991485  -0.03295973
  0.07991485   0.03295973    -0.07991485  -0.03295973     0.09007442   0.14880448
    2    2
  0.28731340  -0.00000000    -0.01809986  -0.00000000    -0.01809986  -0.00000000
 -0.01809986  -0.00000000     0.28731340  -0.00000000     0.01809986  -0.00000000
 -0.01809986  -0.00000000     0.01809986   0.00000000     0.28731340  -0.00000000

     Dynamical  Matrix in cartesian axes

     q = (    0.375000000  -0.375000000   0.375000000 ) 

    1    1
  0.28731340  -0.00000000    -0.01809986   0.00000000     0.01809986   0.00000000
 -0.01809986   0.00000000     0.28731340  -0.00000000    -0.01809986  -0.00000000
  0.01809986  -0.00000000    -0.01809986   0.00000000     0.28731340   0.00000000
    1    2
 -0.16891289  -0.04152843    -0.07981438   0.03320228     0.07981438  -0.03320228
 -0.07981438   0.03320228    -0.16891289  -0.04152843    -0.07981438   0.03320228
  0.07981438  -0.03320228    -0.07981438   0.03320228    -0.16891289  -0.04152843
    2    1
 -0.16891289   0.04152843    -0.07981438  -0.03320228     0.07981438   0.03320228
 -0.07981438  -0.03320228    -0.16891289   0.04152843    -0.07981438  -0.03320228
  0.07981438   0.03320228    -0.07981438  -0.03320228    -0.16891289   0.04152843
    2    2
  0.28731340  -0.00000000    -0.01809986   0.00000000     0.01809986   0.00000000
 -0.01809986   0.00000000     0.28731340  -0.00000000    -0.01809986  -0.00000000
  0.01809986  -0.00000000    -0.01809986   0.00000000     0.28731340   0.00000000

     Dynamical  Matrix in cartesian axes

     q = (   -0.375000000   0.375000000   0.375000000 ) 

    1    1
  0.28731340  -0.00000000    -0.01809986  -0.00000000    -0.01809986   0.00000000
 -0.01809986   0.00000000     0.28731340  -0.00000000     0.01809986  -0.00000000
 -0.01809986  -0.00000000     0.01809986   0.00000000     0.28731340  -0.00000000
    1    2
  0.09007442   0.14880448     0.07991485   0.03295973     0.07991485   0.03295973
  0.07991485   0.03295973     0.09007442   0.14880448    -0.07991485  -0.03295973
  0.07991485   0.03295973    -0.07991485  -0.03295973     0.09007442   0.14880448
    2    1
  0.09007442  -0.14880448     0.07991485  -0.03295973     0.07991485  -0.03295973
  0.07991485  -0.03295973     0.09007442  -0.14880448    -0.07991485   0.03295973
  0.07991485  -0.03295973    -0.07991485   0.03295973     0.09007442  -0.14880448
    2    2
  0.28731340  -0.00000000    -0.01809986  -0.00000000    -0.01809986   0.00000000
 -0.01809986   0.00000000     0.28731340  -0.00000000     0.01809986  -0.00000000
 -0.01809986  -0.00000000     0.01809986   0.00000000     0.28731340  -0.00000000

     Dynamical  Matrix in cartesian axes

     q = (    0.375000000   0.375000000  -0.375000000 ) 

    1    1
  0.28731340  -0.00000000     0.01809986   0.00000000    -0.01809986   0.00000000
  0.01809986  -0.00000000     0.28731340   0.00000000    -0.01809986   0.00000000
 -0.01809986   0.00000000    -0.01809986  -0.00000000     0.28731340  -0.00000000
    1    2
 -0.16891289  -0.04152843     0.07981438  -0.03320228    -0.07981438   0.03320228
  0.07981438  -0.03320228    -0.16891289  -0.04152843    -0.07981438   0.03320228
 -0.07981438   0.03320228    -0.07981438   0.03320228    -0.16891289  -0.04152843
    2    1
 -0.16891289   0.04152843     0.07981438   0.03320228    -0.07981438  -0.03320228
  0.07981438   0.03320228    -0.16891289   0.04152843    -0.07981438  -0.03320228
 -0.07981438  -0.03320228    -0.07981438  -0.03320228    -0.16891289   0.04152843
    2    2
  0.28731340  -0.00000000     0.01809986   0.00000000    -0.01809986   0.00000000
  0.01809986  -0.00000000     0.28731340   0.00000000    -0.01809986   0.00000000
 -0.01809986   0.00000000    -0.01809986  -0.00000000     0.28731340  -0.00000000

     Dynamical  Matrix in cartesian axes

     q = (   -0.375000000  -0.375000000  -0.375000000 ) 

    1    1
  0.28731340   0.00000000     0.01809986   0.00000000     0.01809986   0.00000000
  0.01809986   0.00000000     0.28731340  -0.00000000     0.01809986  -0.00000000
  0.01809986   0.00000000     0.01809986   0.00000000     0.28731340   0.00000000
    1    2
 -0.16891289  -0.04152843     0.07981438  -0.03320228     0.07981438  -0.03320228
  0.07981438  -0.03320228    -0.16891289  -0.04152843     0.07981438  -0.03320228
  0.07981438  -0.03320228     0.07981438  -0.03320228    -0.16891289  -0.04152843
    2    1
 -0.16891289   0.04152843     0.07981438   0.03320228     0.07981438   0.03320228
  0.07981438   0.03320228    -0.16891289   0.04152843     0.07981438   0.03320228
  0.07981438   0.03320228     0.07981438   0.03320228    -0.16891289   0.04152843
    2    2
  0.28731340   0.00000000     0.01809986   0.00000000     0.01809986   0.00000000
  0.01809986   0.00000000     0.28731340  -0.00000000     0.01809986  -0.00000000
  0.01809986   0.00000000     0.01809986   0.00000000     0.28731340   0.00000000

     Dynamical  Matrix in cartesian axes

     q = (   -0.375000000  -0.375000000   0.375000000 ) 

    1    1
  0.28731340  -0.00000000     0.01809986   0.00000000    -0.01809986   0.00000000
  0.01809986  -0.00000000     0.28731340   0.00000000    -0.01809986   0.00000000
 -0.01809986   0.00000000    -0.01809986  -0.00000000     0.28731340  -0.00000000
    1    2
 -0.16891289   0.04152843     0.07981438   0.03320228    -0.07981438  -0.03320228
  0.07981438   0.03320228    -0.16891289   0.04152843    -0.07981438  -0.03320228
 -0.07981438  -0.03320228    -0.07981438  -0.03320228    -0.16891289   0.04152843
    2    1
 -0.16891289  -0.04152843     0.07981438  -0.03320228    -0.07981438   0.03320228
  0.07981438  -0.03320228    -0.16891289  -0.04152843    -0.07981438   0.03320228
 -0.07981438   0.03320228    -0.07981438   0.03320228    -0.16891289  -0.04152843
    2    2
  0.28731340  -0.00000000     0.01809986   0.00000000    -0.01809986   0.00000000
  0.01809986  -0.00000000     0.28731340   0.00000000    -0.01809986   0.00000000
 -0.01809986   0.00000000    -0.01809986  -0.00000000     0.28731340  -0.00000000

     Dynamical  Matrix in cartesian axes

     q = (    0.375000000   0.375000000   0.375000000 ) 

    1    1
  0.28731340   0.00000000     0.01809986   0.00000000     0.01809986  -0.00000000
  0.01809986   0.00000000     0.28731340   0.00000000     0.01809986  -0.00000000
  0.01809986   0.00000000     0.01809986   0.00000000     0.28731340  -0.00000000
    1    2
 -0.16891289   0.04152843     0.07981438   0.03320228     0.07981438   0.03320228
  0.07981438   0.03320228    -0.16891289   0.04152843     0.07981438   0.03320228
  0.07981438   0.03320228     0.07981438   0.03320228    -0.16891289   0.04152843
    2    1
 -0.16891289  -0.04152843     0.07981438  -0.03320228     0.07981438  -0.03320228
  0.07981438  -0.03320228    -0.16891289  -0.04152843     0.07981438  -0.03320228
  0.07981438  -0.03320228     0.07981438  -0.03320228    -0.16891289  -0.04152843
    2    2
  0.28731340   0.00000000     0.01809986   0.00000000     0.01809986  -0.00000000
  0.01809986   0.00000000     0.28731340   0.00000000     0.01809986  -0.00000000
  0.01809986   0.00000000     0.01809986   0.00000000     0.28731340  -0.00000000

     Diagonalizing the dynamical matrix

     q = (   -0.375000000   0.375000000  -0.375000000 ) 

 **************************************************************************
     freq (    1) =       2.933044 [THz] =      97.835801 [cm-1]
 ( -0.527824  0.026450 -0.464917  0.024344  0.062907 -0.002106 ) 
 ( -0.528413  0.008776 -0.465471  0.008776  0.062942  0.000000 ) 
     freq (    2) =       2.933044 [THz] =      97.835801 [cm-1]
 (  0.232356 -0.006815 -0.341232  0.012386 -0.573588  0.019201 ) 
 (  0.232454  0.000962 -0.341455  0.000962 -0.573909  0.000000 ) 
     freq (    3) =       9.538310 [THz] =     318.163775 [cm-1]
 (  0.034987 -0.406746 -0.034987  0.406746  0.034987 -0.406746 ) 
 (  0.408248  0.000000 -0.408248 -0.000000  0.408248  0.000000 ) 
     freq (    4) =      13.512406 [THz] =     450.725345 [cm-1]
 ( -0.034987  0.406746  0.034987 -0.406746 -0.034987  0.406746 ) 
 (  0.408248 -0.000000 -0.408248  0.000000  0.408248  0.000000 ) 
     freq (    5) =      14.800193 [THz] =     493.681287 [cm-1]
 (  0.031330  0.034827 -0.481485  0.051994 -0.512815  0.017167 ) 
 ( -0.030147 -0.035856  0.482955 -0.035856  0.513103  0.000000 ) 
     freq (    6) =      14.800193 [THz] =     493.681287 [cm-1]
 (  0.568588 -0.088580  0.304049 -0.079725 -0.264539  0.008855 ) 
 ( -0.571233  0.069508 -0.306546  0.069508  0.264687  0.000000 ) 
 **************************************************************************
