Dynamical matrix file
default                                                                    
  1    2   2  10.2273000   0.0000000   0.0000000   0.0000000   0.0000000   0.0000000
           1  'Si  '    25598.3672898282     
    1    1     -0.2500000000      0.2500000000      0.2500000000
    2    1     -0.5000000000      0.5000000000      0.5000000000

     Dynamical  Matrix in cartesian axes

     q = (    0.625000000  -0.125000000   0.875000000 ) 

    1    1
  0.25238984   0.00000000    -0.00354739  -0.00153119     0.00364753  -0.00012237
 -0.00354739   0.00153119     0.30182918   0.00000000    -0.00209420   0.01473603
  0.00364753   0.00012237    -0.00209420  -0.01473603     0.26838892   0.00000000
    1    2
 -0.01849670   0.04372789     0.01240917   0.09944725     0.15613261  -0.03678947
  0.01240917   0.09944725    -0.02819725   0.04839454    -0.01453540   0.03481714
  0.15613261  -0.03678947    -0.01453540   0.03481714    -0.01882955   0.04683161
    2    1
 -0.01849670  -0.04372789     0.01240917  -0.09944725     0.15613261   0.03678947
  0.01240917  -0.09944725    -0.02819725  -0.04839454    -0.01453540  -0.03481714
  0.15613261   0.03678947    -0.01453540  -0.03481714    -0.01882955  -0.04683161
    2    2
  0.25238984   0.00000000    -0.00354739   0.00153119     0.00364753   0.00012237
 -0.00354739  -0.00153119     0.30182918  -0.00000000    -0.00209420  -0.01473603
  0.00364753  -0.00012237    -0.00209420   0.01473603     0.26838892   0.00000000

     Dynamical  Matrix in cartesian axes

     q = (    0.625000000  -0.125000000  -0.875000000 ) 

    1    1
  0.25238984   0.00000000    -0.00354739   0.00153119    -0.00364753  -0.00012237
 -0.00354739  -0.00153119     0.30182918  -0.00000000     0.00209420   0.01473603
 -0.00364753   0.00012237     0.00209420  -0.01473603     0.26838892   0.00000000
    1    2
  0.04399943   0.01784114     0.06154521   0.07909443     0.13641651  -0.08438834
  0.06154521   0.07909443     0.05415857   0.01428165    -0.03489752  -0.01434135
  0.13641651  -0.08438834    -0.03489752  -0.01434135     0.04642946   0.01980045
    2    1
  0.04399943  -0.01784114     0.06154521  -0.07909443     0.13641651   0.08438834
  0.06154521  -0.07909443     0.05415857  -0.01428165    -0.03489752   0.01434135
  0.13641651   0.08438834    -0.03489752   0.01434135     0.04642946  -0.01980045
    2    2
  0.25238984   0.00000000    -0.00354739  -0.00153119    -0.00364753   0.00012237
 -0.00354739   0.00153119     0.30182918   0.00000000     0.00209420  -0.01473603
 -0.00364753  -0.00012237     0.00209420   0.01473603     0.26838892   0.00000000

     Dynamical  Matrix in cartesian axes

     q = (    0.875000000   0.125000000   0.625000000 ) 

    1    1
  0.26838892  -0.00000000     0.00209420  -0.01473603     0.00364753  -0.00012237
  0.00209420   0.01473603     0.30182918  -0.00000000     0.00354739   0.00153119
  0.00364753   0.00012237     0.00354739  -0.00153119     0.25238984   0.00000000
    1    2
 -0.01882955  -0.04683161     0.01453540   0.03481714     0.15613261   0.03678947
  0.01453540   0.03481714    -0.02819725  -0.04839454    -0.01240917   0.09944725
  0.15613261   0.03678947    -0.01240917   0.09944725    -0.01849670  -0.04372789
    2    1
 -0.01882955   0.04683161     0.01453540  -0.03481714     0.15613261  -0.03678947
  0.01453540  -0.03481714    -0.02819725   0.04839454    -0.01240917  -0.09944725
  0.15613261  -0.03678947    -0.01240917  -0.09944725    -0.01849670   0.04372789
    2    2
  0.26838892   0.00000000     0.00209420   0.01473603     0.00364753   0.00012237
  0.00209420  -0.01473603     0.30182918   0.00000000     0.00354739  -0.00153119
  0.00364753  -0.00012237     0.00354739   0.00153119     0.25238984   0.00000000

     Dynamical  Matrix in cartesian axes

     q = (    0.625000000   0.125000000   0.875000000 ) 

    1    1
  0.25238984   0.00000000     0.00354739  -0.00153119     0.00364753   0.00012237
  0.00354739   0.00153119     0.30182918   0.00000000     0.00209420   0.01473603
  0.00364753  -0.00012237     0.00209420  -0.01473603     0.26838892   0.00000000
    1    2
 -0.04399943  -0.01784114     0.06154521   0.07909443     0.13641651  -0.08438834
  0.06154521   0.07909443    -0.05415857  -0.01428165     0.03489752   0.01434135
  0.13641651  -0.08438834     0.03489752   0.01434135    -0.04642946  -0.01980045
    2    1
 -0.04399943   0.01784114     0.06154521  -0.07909443     0.13641651   0.08438834
  0.06154521  -0.07909443    -0.05415857   0.01428165     0.03489752  -0.01434135
  0.13641651   0.08438834     0.03489752  -0.01434135    -0.04642946   0.01980045
    2    2
  0.25238984   0.00000000     0.00354739   0.00153119     0.00364753  -0.00012237
  0.00354739  -0.00153119     0.30182918   0.00000000     0.00209420  -0.01473603
  0.00364753   0.00012237     0.00209420   0.01473603     0.26838892   0.00000000

     Dynamical  Matrix in cartesian axes

     q = (    0.875000000  -0.125000000  -0.625000000 ) 

    1    1
  0.26838892   0.00000000    -0.00209420   0.01473603    -0.00364753   0.00012237
 -0.00209420  -0.01473603     0.30182918  -0.00000000     0.00354739   0.00153119
 -0.00364753  -0.00012237     0.00354739  -0.00153119     0.25238984   0.00000000
    1    2
  0.04642946   0.01980045     0.03489752   0.01434135     0.13641651  -0.08438834
  0.03489752   0.01434135     0.05415857   0.01428165    -0.06154521  -0.07909443
  0.13641651  -0.08438834    -0.06154521  -0.07909443     0.04399943   0.01784114
    2    1
  0.04642946  -0.01980045     0.03489752  -0.01434135     0.13641651   0.08438834
  0.03489752  -0.01434135     0.05415857  -0.01428165    -0.06154521   0.07909443
  0.13641651   0.08438834    -0.06154521   0.07909443     0.04399943  -0.01784114
    2    2
  0.26838892   0.00000000    -0.00209420  -0.01473603    -0.00364753  -0.00012237
 -0.00209420   0.01473603     0.30182918   0.00000000     0.00354739  -0.00153119
 -0.00364753   0.00012237     0.00354739   0.00153119     0.25238984   0.00000000

     Dynamical  Matrix in cartesian axes

     q = (    0.875000000  -0.125000000   0.625000000 ) 

    1    1
  0.26838892   0.00000000    -0.00209420  -0.01473603     0.00364753   0.00012237
 -0.00209420   0.01473603     0.30182918   0.00000000    -0.00354739   0.00153119
  0.00364753  -0.00012237    -0.00354739  -0.00153119     0.25238984   0.00000000
    1    2
 -0.04642946   0.01980045    -0.03489752   0.01434135     0.13641651   0.08438834
 -0.03489752   0.01434135    -0.05415857   0.01428165    -0.06154521   0.07909443
  0.13641651   0.08438834    -0.06154521   0.07909443    -0.04399943   0.01784114
    2    1
 -0.04642946  -0.01980045    -0.03489752  -0.01434135     0.13641651  -0.08438834
 -0.03489752  -0.01434135    -0.05415857  -0.01428165    -0.06154521  -0.07909443
  0.13641651  -0.08438834    -0.06154521  -0.07909443    -0.04399943  -0.01784114
    2    2
  0.26838892   0.00000000    -0.00209420   0.01473603     0.00364753  -0.00012237
 -0.00209420  -0.01473603     0.30182918   0.00000000    -0.00354739  -0.00153119
  0.00364753   0.00012237    -0.00354739   0.00153119     0.25238984   0.00000000

     Dynamical  Matrix in cartesian axes

     q = (   -0.875000000  -0.125000000   0.625000000 ) 

    1    1
  0.26838892  -0.00000000     0.00209420  -0.01473603    -0.00364753   0.00012237
  0.00209420   0.01473603     0.30182918   0.00000000    -0.00354739  -0.00153119
 -0.00364753  -0.00012237    -0.00354739   0.00153119     0.25238984   0.00000000
    1    2
 -0.01980045   0.04642946     0.01434135  -0.03489752     0.08438834   0.13641651
  0.01434135  -0.03489752    -0.01428165   0.05415857    -0.07909443   0.06154521
  0.08438834   0.13641651    -0.07909443   0.06154521    -0.01784114   0.04399943
    2    1
 -0.01980045  -0.04642946     0.01434135   0.03489752     0.08438834  -0.13641651
  0.01434135   0.03489752    -0.01428165  -0.05415857    -0.07909443  -0.06154521
  0.08438834  -0.13641651    -0.07909443  -0.06154521    -0.01784114  -0.04399943
    2    2
  0.26838892   0.00000000     0.00209420   0.01473603    -0.00364753  -0.00012237
  0.00209420  -0.01473603     0.30182918  -0.00000000    -0.00354739   0.00153119
 -0.00364753   0.00012237    -0.00354739  -0.00153119     0.25238984   0.00000000

     Dynamical  Matrix in cartesian axes

     q = (   -0.625000000  -0.125000000  -0.875000000 ) 

    1    1
  0.25238984   0.00000000     0.00354739   0.00153119     0.00364753  -0.00012237
  0.00354739  -0.00153119     0.30182918   0.00000000     0.00209420  -0.01473603
  0.00364753   0.00012237     0.00209420   0.01473603     0.26838892   0.00000000
    1    2
 -0.04399943   0.01784114     0.06154521  -0.07909443     0.13641651   0.08438834
  0.06154521  -0.07909443    -0.05415857   0.01428165     0.03489752  -0.01434135
  0.13641651   0.08438834     0.03489752  -0.01434135    -0.04642946   0.01980045
    2    1
 -0.04399943  -0.01784114     0.06154521   0.07909443     0.13641651  -0.08438834
  0.06154521   0.07909443    -0.05415857  -0.01428165     0.03489752   0.01434135
  0.13641651  -0.08438834     0.03489752   0.01434135    -0.04642946  -0.01980045
    2    2
  0.25238984   0.00000000     0.00354739  -0.00153119     0.00364753   0.00012237
  0.00354739   0.00153119     0.30182918   0.00000000     0.00209420   0.01473603
  0.00364753  -0.00012237     0.00209420  -0.01473603     0.26838892   0.00000000

     Dynamical  Matrix in cartesian axes

     q = (   -0.875000000   0.125000000  -0.625000000 ) 

    1    1
  0.26838892   0.00000000    -0.00209420   0.01473603     0.00364753  -0.00012237
 -0.00209420  -0.01473603     0.30182918   0.00000000    -0.00354739  -0.00153119
  0.00364753   0.00012237    -0.00354739   0.00153119     0.25238984   0.00000000
    1    2
 -0.04642946  -0.01980045    -0.03489752  -0.01434135     0.13641651  -0.08438834
 -0.03489752  -0.01434135    -0.05415857  -0.01428165    -0.06154521  -0.07909443
  0.13641651  -0.08438834    -0.06154521  -0.07909443    -0.04399943  -0.01784114
    2    1
 -0.04642946   0.01980045    -0.03489752   0.01434135     0.13641651   0.08438834
 -0.03489752   0.01434135    -0.05415857   0.01428165    -0.06154521   0.07909443
  0.13641651   0.08438834    -0.06154521   0.07909443    -0.04399943   0.01784114
    2    2
  0.26838892   0.00000000    -0.00209420  -0.01473603     0.00364753   0.00012237
 -0.00209420   0.01473603     0.30182918   0.00000000    -0.00354739   0.00153119
  0.00364753  -0.00012237    -0.00354739  -0.00153119     0.25238984   0.00000000

     Dynamical  Matrix in cartesian axes

     q = (   -0.625000000  -0.125000000   0.875000000 ) 

    1    1
  0.25238984   0.00000000     0.00354739  -0.00153119    -0.00364753  -0.00012237
  0.00354739   0.00153119     0.30182918   0.00000000    -0.00209420  -0.01473603
 -0.00364753   0.00012237    -0.00209420   0.01473603     0.26838892  -0.00000000
    1    2
 -0.01784114   0.04399943     0.07909443  -0.06154521     0.08438834   0.13641651
  0.07909443  -0.06154521    -0.01428165   0.05415857    -0.01434135   0.03489752
  0.08438834   0.13641651    -0.01434135   0.03489752    -0.01980045   0.04642946
    2    1
 -0.01784114  -0.04399943     0.07909443   0.06154521     0.08438834  -0.13641651
  0.07909443   0.06154521    -0.01428165  -0.05415857    -0.01434135  -0.03489752
  0.08438834  -0.13641651    -0.01434135  -0.03489752    -0.01980045  -0.04642946
    2    2
  0.25238984   0.00000000     0.00354739   0.00153119    -0.00364753   0.00012237
  0.00354739  -0.00153119     0.30182918  -0.00000000    -0.00209420   0.01473603
 -0.00364753  -0.00012237    -0.00209420  -0.01473603     0.26838892   0.00000000

     Dynamical  Matrix in cartesian axes

     q = (   -0.875000000   0.125000000   0.625000000 ) 

    1    1
  0.26838892   0.00000000    -0.00209420  -0.01473603    -0.00364753  -0.00012237
 -0.00209420   0.01473603     0.30182918   0.00000000     0.00354739  -0.00153119
 -0.00364753   0.00012237     0.00354739   0.00153119     0.25238984   0.00000000
    1    2
  0.04642946  -0.01980045     0.03489752  -0.01434135     0.13641651   0.08438834
  0.03489752  -0.01434135     0.05415857  -0.01428165    -0.06154521   0.07909443
  0.13641651   0.08438834    -0.06154521   0.07909443     0.04399943  -0.01784114
    2    1
  0.04642946   0.01980045     0.03489752   0.01434135     0.13641651  -0.08438834
  0.03489752   0.01434135     0.05415857   0.01428165    -0.06154521  -0.07909443
  0.13641651  -0.08438834    -0.06154521  -0.07909443     0.04399943   0.01784114
    2    2
  0.26838892   0.00000000    -0.00209420   0.01473603    -0.00364753   0.00012237
 -0.00209420  -0.01473603     0.30182918  -0.00000000     0.00354739   0.00153119
 -0.00364753  -0.00012237     0.00354739  -0.00153119     0.25238984   0.00000000

     Dynamical  Matrix in cartesian axes

     q = (    0.875000000   0.125000000  -0.625000000 ) 

    1    1
  0.26838892   0.00000000     0.00209420   0.01473603    -0.00364753  -0.00012237
  0.00209420  -0.01473603     0.30182918  -0.00000000    -0.00354739   0.00153119
 -0.00364753   0.00012237    -0.00354739  -0.00153119     0.25238984   0.00000000
    1    2
 -0.01980045  -0.04642946     0.01434135   0.03489752     0.08438834  -0.13641651
  0.01434135   0.03489752    -0.01428165  -0.05415857    -0.07909443  -0.06154521
  0.08438834  -0.13641651    -0.07909443  -0.06154521    -0.01784114  -0.04399943
    2    1
 -0.01980045   0.04642946     0.01434135  -0.03489752     0.08438834   0.13641651
  0.01434135  -0.03489752    -0.01428165   0.05415857    -0.07909443   0.06154521
  0.08438834   0.13641651    -0.07909443   0.06154521    -0.01784114   0.04399943
    2    2
  0.26838892  -0.00000000     0.00209420  -0.01473603    -0.00364753   0.00012237
  0.00209420   0.01473603     0.30182918   0.00000000    -0.00354739  -0.00153119
 -0.00364753  -0.00012237    -0.00354739   0.00153119     0.25238984   0.00000000

     Dynamical  Matrix in cartesian axes

     q = (   -0.625000000   0.125000000   0.875000000 ) 

    1    1
  0.25238984   0.00000000    -0.00354739  -0.00153119    -0.00364753   0.00012237
 -0.00354739   0.00153119     0.30182918   0.00000000     0.00209420  -0.01473603
 -0.00364753  -0.00012237     0.00209420   0.01473603     0.26838892   0.00000000
    1    2
  0.04399943  -0.01784114     0.06154521  -0.07909443     0.13641651   0.08438834
  0.06154521  -0.07909443     0.05415857  -0.01428165    -0.03489752   0.01434135
  0.13641651   0.08438834    -0.03489752   0.01434135     0.04642946  -0.01980045
    2    1
  0.04399943   0.01784114     0.06154521   0.07909443     0.13641651  -0.08438834
  0.06154521   0.07909443     0.05415857   0.01428165    -0.03489752  -0.01434135
  0.13641651  -0.08438834    -0.03489752  -0.01434135     0.04642946   0.01980045
    2    2
  0.25238984   0.00000000    -0.00354739   0.00153119    -0.00364753  -0.00012237
 -0.00354739  -0.00153119     0.30182918  -0.00000000     0.00209420   0.01473603
 -0.00364753   0.00012237     0.00209420  -0.01473603     0.26838892   0.00000000

     Dynamical  Matrix in cartesian axes

     q = (   -0.875000000  -0.125000000  -0.625000000 ) 

    1    1
  0.26838892   0.00000000     0.00209420   0.01473603     0.00364753   0.00012237
  0.00209420  -0.01473603     0.30182918   0.00000000     0.00354739  -0.00153119
  0.00364753  -0.00012237     0.00354739   0.00153119     0.25238984   0.00000000
    1    2
 -0.01882955   0.04683161     0.01453540  -0.03481714     0.15613261  -0.03678947
  0.01453540  -0.03481714    -0.02819725   0.04839454    -0.01240917  -0.09944725
  0.15613261  -0.03678947    -0.01240917  -0.09944725    -0.01849670   0.04372789
    2    1
 -0.01882955  -0.04683161     0.01453540   0.03481714     0.15613261   0.03678947
  0.01453540   0.03481714    -0.02819725  -0.04839454    -0.01240917   0.09944725
  0.15613261   0.03678947    -0.01240917   0.09944725    -0.01849670  -0.04372789
    2    2
  0.26838892  -0.00000000     0.00209420  -0.01473603     0.00364753  -0.00012237
  0.00209420   0.01473603     0.30182918  -0.00000000     0.00354739   0.00153119
  0.00364753   0.00012237     0.00354739  -0.00153119     0.25238984   0.00000000

     Dynamical  Matrix in cartesian axes

     q = (    0.625000000   0.125000000  -0.875000000 ) 

    1    1
  0.25238984   0.00000000     0.00354739   0.00153119    -0.00364753   0.00012237
  0.00354739  -0.00153119     0.30182918  -0.00000000    -0.00209420   0.01473603
 -0.00364753  -0.00012237    -0.00209420  -0.01473603     0.26838892   0.00000000
    1    2
 -0.01784114  -0.04399943     0.07909443   0.06154521     0.08438834  -0.13641651
  0.07909443   0.06154521    -0.01428165  -0.05415857    -0.01434135  -0.03489752
  0.08438834  -0.13641651    -0.01434135  -0.03489752    -0.01980045  -0.04642946
    2    1
 -0.01784114   0.04399943     0.07909443  -0.06154521     0.08438834   0.13641651
  0.07909443  -0.06154521    -0.01428165   0.05415857    -0.01434135   0.03489752
  0.08438834   0.13641651    -0.01434135   0.03489752    -0.01980045   0.04642946
    2    2
  0.25238984   0.00000000     0.00354739  -0.00153119    -0.00364753  -0.00012237
  0.00354739   0.00153119     0.30182918   0.00000000    -0.00209420  -0.01473603
 -0.00364753   0.00012237    -0.00209420   0.01473603     0.26838892  -0.00000000

     Dynamical  Matrix in cartesian axes

     q = (   -0.625000000   0.125000000  -0.875000000 ) 

    1    1
  0.25238984   0.00000000    -0.00354739   0.00153119     0.00364753   0.00012237
 -0.00354739  -0.00153119     0.30182918  -0.00000000    -0.00209420  -0.01473603
  0.00364753  -0.00012237    -0.00209420   0.01473603     0.26838892   0.00000000
    1    2
 -0.01849670  -0.04372789     0.01240917  -0.09944725     0.15613261   0.03678947
  0.01240917  -0.09944725    -0.02819725  -0.04839454    -0.01453540  -0.03481714
  0.15613261   0.03678947    -0.01453540  -0.03481714    -0.01882955  -0.04683161
    2    1
 -0.01849670   0.04372789     0.01240917   0.09944725     0.15613261  -0.03678947
  0.01240917   0.09944725    -0.02819725   0.04839454    -0.01453540   0.03481714
  0.15613261  -0.03678947    -0.01453540   0.03481714    -0.01882955   0.04683161
    2    2
  0.25238984   0.00000000    -0.00354739  -0.00153119     0.00364753  -0.00012237
 -0.00354739   0.00153119     0.30182918   0.00000000    -0.00209420   0.01473603
  0.00364753   0.00012237    -0.00209420  -0.01473603     0.26838892   0.00000000

     Dynamical  Matrix in cartesian axes

     q = (   -0.125000000   0.875000000   0.625000000 ) 

    1    1
  0.30182918   0.00000000    -0.00209420   0.01473603    -0.00354739   0.00153119
 -0.00209420  -0.01473603     0.26838892   0.00000000     0.00364753   0.00012237
 -0.00354739  -0.00153119     0.00364753  -0.00012237     0.25238984   0.00000000
    1    2
  0.05415857  -0.01428165     0.03489752  -0.01434135     0.06154521  -0.07909443
  0.03489752  -0.01434135     0.04642946  -0.01980045    -0.13641651  -0.08438834
  0.06154521  -0.07909443    -0.13641651  -0.08438834     0.04399943  -0.01784114
    2    1
  0.05415857   0.01428165     0.03489752   0.01434135     0.06154521   0.07909443
  0.03489752   0.01434135     0.04642946   0.01980045    -0.13641651   0.08438834
  0.06154521   0.07909443    -0.13641651   0.08438834     0.04399943   0.01784114
    2    2
  0.30182918   0.00000000    -0.00209420  -0.01473603    -0.00354739  -0.00153119
 -0.00209420   0.01473603     0.26838892   0.00000000     0.00364753  -0.00012237
 -0.00354739   0.00153119     0.00364753   0.00012237     0.25238984   0.00000000

     Dynamical  Matrix in cartesian axes

     q = (    0.125000000   0.875000000  -0.625000000 ) 

    1    1
  0.30182918  -0.00000000     0.00209420  -0.01473603    -0.00354739   0.00153119
  0.00209420   0.01473603     0.26838892   0.00000000    -0.00364753  -0.00012237
 -0.00354739  -0.00153119    -0.00364753   0.00012237     0.25238984   0.00000000
    1    2
 -0.02819725   0.04839454     0.01453540  -0.03481714     0.01240917   0.09944725
  0.01453540  -0.03481714    -0.01882955   0.04683161    -0.15613261   0.03678947
  0.01240917   0.09944725    -0.15613261   0.03678947    -0.01849670   0.04372789
    2    1
 -0.02819725  -0.04839454     0.01453540   0.03481714     0.01240917  -0.09944725
  0.01453540   0.03481714    -0.01882955  -0.04683161    -0.15613261  -0.03678947
  0.01240917  -0.09944725    -0.15613261  -0.03678947    -0.01849670  -0.04372789
    2    2
  0.30182918   0.00000000     0.00209420   0.01473603    -0.00354739  -0.00153119
  0.00209420  -0.01473603     0.26838892  -0.00000000    -0.00364753   0.00012237
 -0.00354739   0.00153119    -0.00364753  -0.00012237     0.25238984   0.00000000

     Dynamical  Matrix in cartesian axes

     q = (   -0.125000000  -0.875000000  -0.625000000 ) 

    1    1
  0.30182918  -0.00000000     0.00209420  -0.01473603     0.00354739  -0.00153119
  0.00209420   0.01473603     0.26838892  -0.00000000     0.00364753   0.00012237
  0.00354739   0.00153119     0.00364753  -0.00012237     0.25238984   0.00000000
    1    2
 -0.01428165  -0.05415857     0.01434135   0.03489752     0.07909443   0.06154521
  0.01434135   0.03489752    -0.01980045  -0.04642946    -0.08438834   0.13641651
  0.07909443   0.06154521    -0.08438834   0.13641651    -0.01784114  -0.04399943
    2    1
 -0.01428165   0.05415857     0.01434135  -0.03489752     0.07909443  -0.06154521
  0.01434135  -0.03489752    -0.01980045   0.04642946    -0.08438834  -0.13641651
  0.07909443  -0.06154521    -0.08438834  -0.13641651    -0.01784114   0.04399943
    2    2
  0.30182918   0.00000000     0.00209420   0.01473603     0.00354739   0.00153119
  0.00209420  -0.01473603     0.26838892   0.00000000     0.00364753  -0.00012237
  0.00354739  -0.00153119     0.00364753   0.00012237     0.25238984   0.00000000

     Dynamical  Matrix in cartesian axes

     q = (   -0.125000000   0.625000000  -0.875000000 ) 

    1    1
  0.30182918  -0.00000000    -0.00354739  -0.00153119     0.00209420   0.01473603
 -0.00354739   0.00153119     0.25238984   0.00000000    -0.00364753  -0.00012237
  0.00209420  -0.01473603    -0.00364753   0.00012237     0.26838892   0.00000000
    1    2
 -0.02819725  -0.04839454     0.01240917  -0.09944725     0.01453540   0.03481714
  0.01240917  -0.09944725    -0.01849670  -0.04372789    -0.15613261  -0.03678947
  0.01453540   0.03481714    -0.15613261  -0.03678947    -0.01882955  -0.04683161
    2    1
 -0.02819725   0.04839454     0.01240917   0.09944725     0.01453540  -0.03481714
  0.01240917   0.09944725    -0.01849670   0.04372789    -0.15613261   0.03678947
  0.01453540  -0.03481714    -0.15613261   0.03678947    -0.01882955   0.04683161
    2    2
  0.30182918   0.00000000    -0.00354739   0.00153119     0.00209420  -0.01473603
 -0.00354739  -0.00153119     0.25238984   0.00000000    -0.00364753   0.00012237
  0.00209420   0.01473603    -0.00364753  -0.00012237     0.26838892  -0.00000000

     Dynamical  Matrix in cartesian axes

     q = (    0.875000000   0.625000000  -0.125000000 ) 

    1    1
  0.26838892   0.00000000     0.00364753   0.00012237    -0.00209420  -0.01473603
  0.00364753  -0.00012237     0.25238984   0.00000000    -0.00354739  -0.00153119
 -0.00209420   0.01473603    -0.00354739   0.00153119     0.30182918   0.00000000
    1    2
 -0.04642946   0.01980045     0.13641651   0.08438834    -0.03489752   0.01434135
  0.13641651   0.08438834    -0.04399943   0.01784114    -0.06154521   0.07909443
 -0.03489752   0.01434135    -0.06154521   0.07909443    -0.05415857   0.01428165
    2    1
 -0.04642946  -0.01980045     0.13641651  -0.08438834    -0.03489752  -0.01434135
  0.13641651  -0.08438834    -0.04399943  -0.01784114    -0.06154521  -0.07909443
 -0.03489752  -0.01434135    -0.06154521  -0.07909443    -0.05415857  -0.01428165
    2    2
  0.26838892   0.00000000     0.00364753  -0.00012237    -0.00209420   0.01473603
  0.00364753   0.00012237     0.25238984   0.00000000    -0.00354739   0.00153119
 -0.00209420  -0.01473603    -0.00354739  -0.00153119     0.30182918  -0.00000000

     Dynamical  Matrix in cartesian axes

     q = (   -0.125000000   0.875000000  -0.625000000 ) 

    1    1
  0.30182918   0.00000000    -0.00209420  -0.01473603     0.00354739   0.00153119
 -0.00209420   0.01473603     0.26838892   0.00000000    -0.00364753   0.00012237
  0.00354739  -0.00153119    -0.00364753  -0.00012237     0.25238984   0.00000000
    1    2
 -0.05415857  -0.01428165    -0.03489752  -0.01434135     0.06154521   0.07909443
 -0.03489752  -0.01434135    -0.04642946  -0.01980045    -0.13641651   0.08438834
  0.06154521   0.07909443    -0.13641651   0.08438834    -0.04399943  -0.01784114
    2    1
 -0.05415857   0.01428165    -0.03489752   0.01434135     0.06154521  -0.07909443
 -0.03489752   0.01434135    -0.04642946   0.01980045    -0.13641651  -0.08438834
  0.06154521  -0.07909443    -0.13641651  -0.08438834    -0.04399943   0.01784114
    2    2
  0.30182918   0.00000000    -0.00209420   0.01473603     0.00354739  -0.00153119
 -0.00209420  -0.01473603     0.26838892   0.00000000    -0.00364753  -0.00012237
  0.00354739   0.00153119    -0.00364753   0.00012237     0.25238984   0.00000000

     Dynamical  Matrix in cartesian axes

     q = (   -0.875000000  -0.625000000  -0.125000000 ) 

    1    1
  0.26838892  -0.00000000     0.00364753   0.00012237     0.00209420   0.01473603
  0.00364753  -0.00012237     0.25238984   0.00000000     0.00354739   0.00153119
  0.00209420  -0.01473603     0.00354739  -0.00153119     0.30182918   0.00000000
    1    2
 -0.01882955   0.04683161     0.15613261  -0.03678947     0.01453540  -0.03481714
  0.15613261  -0.03678947    -0.01849670   0.04372789    -0.01240917  -0.09944725
  0.01453540  -0.03481714    -0.01240917  -0.09944725    -0.02819725   0.04839454
    2    1
 -0.01882955  -0.04683161     0.15613261   0.03678947     0.01453540   0.03481714
  0.15613261   0.03678947    -0.01849670  -0.04372789    -0.01240917   0.09944725
  0.01453540   0.03481714    -0.01240917   0.09944725    -0.02819725  -0.04839454
    2    2
  0.26838892   0.00000000     0.00364753  -0.00012237     0.00209420  -0.01473603
  0.00364753   0.00012237     0.25238984   0.00000000     0.00354739  -0.00153119
  0.00209420   0.01473603     0.00354739   0.00153119     0.30182918  -0.00000000

     Dynamical  Matrix in cartesian axes

     q = (   -0.875000000   0.625000000   0.125000000 ) 

    1    1
  0.26838892   0.00000000    -0.00364753  -0.00012237    -0.00209420  -0.01473603
 -0.00364753   0.00012237     0.25238984   0.00000000     0.00354739   0.00153119
 -0.00209420   0.01473603     0.00354739  -0.00153119     0.30182918  -0.00000000
    1    2
  0.04642946  -0.01980045     0.13641651   0.08438834     0.03489752  -0.01434135
  0.13641651   0.08438834     0.04399943  -0.01784114    -0.06154521   0.07909443
  0.03489752  -0.01434135    -0.06154521   0.07909443     0.05415857  -0.01428165
    2    1
  0.04642946   0.01980045     0.13641651  -0.08438834     0.03489752   0.01434135
  0.13641651  -0.08438834     0.04399943   0.01784114    -0.06154521  -0.07909443
  0.03489752   0.01434135    -0.06154521  -0.07909443     0.05415857   0.01428165
    2    2
  0.26838892   0.00000000    -0.00364753   0.00012237    -0.00209420   0.01473603
 -0.00364753  -0.00012237     0.25238984   0.00000000     0.00354739  -0.00153119
 -0.00209420  -0.01473603     0.00354739   0.00153119     0.30182918   0.00000000

     Dynamical  Matrix in cartesian axes

     q = (    0.125000000  -0.625000000   0.875000000 ) 

    1    1
  0.30182918   0.00000000    -0.00354739   0.00153119     0.00209420  -0.01473603
 -0.00354739  -0.00153119     0.25238984   0.00000000    -0.00364753   0.00012237
  0.00209420   0.01473603    -0.00364753  -0.00012237     0.26838892  -0.00000000
    1    2
 -0.02819725   0.04839454     0.01240917   0.09944725     0.01453540  -0.03481714
  0.01240917   0.09944725    -0.01849670   0.04372789    -0.15613261   0.03678947
  0.01453540  -0.03481714    -0.15613261   0.03678947    -0.01882955   0.04683161
    2    1
 -0.02819725  -0.04839454     0.01240917  -0.09944725     0.01453540   0.03481714
  0.01240917  -0.09944725    -0.01849670  -0.04372789    -0.15613261  -0.03678947
  0.01453540   0.03481714    -0.15613261  -0.03678947    -0.01882955  -0.04683161
    2    2
  0.30182918  -0.00000000    -0.00354739  -0.00153119     0.00209420   0.01473603
 -0.00354739   0.00153119     0.25238984   0.00000000    -0.00364753  -0.00012237
  0.00209420  -0.01473603    -0.00364753   0.00012237     0.26838892   0.00000000

     Dynamical  Matrix in cartesian axes

     q = (    0.125000000  -0.875000000   0.625000000 ) 

    1    1
  0.30182918   0.00000000    -0.00209420   0.01473603     0.00354739  -0.00153119
 -0.00209420  -0.01473603     0.26838892   0.00000000    -0.00364753  -0.00012237
  0.00354739   0.00153119    -0.00364753   0.00012237     0.25238984   0.00000000
    1    2
 -0.05415857   0.01428165    -0.03489752   0.01434135     0.06154521  -0.07909443
 -0.03489752   0.01434135    -0.04642946   0.01980045    -0.13641651  -0.08438834
  0.06154521  -0.07909443    -0.13641651  -0.08438834    -0.04399943   0.01784114
    2    1
 -0.05415857  -0.01428165    -0.03489752  -0.01434135     0.06154521   0.07909443
 -0.03489752  -0.01434135    -0.04642946  -0.01980045    -0.13641651   0.08438834
  0.06154521   0.07909443    -0.13641651   0.08438834    -0.04399943  -0.01784114
    2    2
  0.30182918   0.00000000    -0.00209420  -0.01473603     0.00354739   0.00153119
 -0.00209420   0.01473603     0.26838892   0.00000000    -0.00364753   0.00012237
  0.00354739  -0.00153119    -0.00364753  -0.00012237     0.25238984   0.00000000

     Dynamical  Matrix in cartesian axes

     q = (    0.625000000  -0.875000000   0.125000000 ) 

    1    1
  0.25238984   0.00000000    -0.00364753   0.00012237     0.00354739   0.00153119
 -0.00364753  -0.00012237     0.26838892   0.00000000    -0.00209420  -0.01473603
  0.00354739  -0.00153119    -0.00209420   0.01473603     0.30182918   0.00000000
    1    2
 -0.01784114  -0.04399943     0.08438834  -0.13641651     0.07909443   0.06154521
  0.08438834  -0.13641651    -0.01980045  -0.04642946    -0.01434135  -0.03489752
  0.07909443   0.06154521    -0.01434135  -0.03489752    -0.01428165  -0.05415857
    2    1
 -0.01784114   0.04399943     0.08438834   0.13641651     0.07909443  -0.06154521
  0.08438834   0.13641651    -0.01980045   0.04642946    -0.01434135   0.03489752
  0.07909443  -0.06154521    -0.01434135   0.03489752    -0.01428165   0.05415857
    2    2
  0.25238984   0.00000000    -0.00364753  -0.00012237     0.00354739  -0.00153119
 -0.00364753   0.00012237     0.26838892   0.00000000    -0.00209420   0.01473603
  0.00354739   0.00153119    -0.00209420  -0.01473603     0.30182918  -0.00000000

     Dynamical  Matrix in cartesian axes

     q = (   -0.875000000   0.625000000  -0.125000000 ) 

    1    1
  0.26838892   0.00000000    -0.00364753   0.00012237     0.00209420  -0.01473603
 -0.00364753  -0.00012237     0.25238984   0.00000000    -0.00354739   0.00153119
  0.00209420   0.01473603    -0.00354739  -0.00153119     0.30182918  -0.00000000
    1    2
 -0.01980045   0.04642946     0.08438834   0.13641651     0.01434135  -0.03489752
  0.08438834   0.13641651    -0.01784114   0.04399943    -0.07909443   0.06154521
  0.01434135  -0.03489752    -0.07909443   0.06154521    -0.01428165   0.05415857
    2    1
 -0.01980045  -0.04642946     0.08438834  -0.13641651     0.01434135   0.03489752
  0.08438834  -0.13641651    -0.01784114  -0.04399943    -0.07909443  -0.06154521
  0.01434135   0.03489752    -0.07909443  -0.06154521    -0.01428165  -0.05415857
    2    2
  0.26838892  -0.00000000    -0.00364753  -0.00012237     0.00209420   0.01473603
 -0.00364753   0.00012237     0.25238984   0.00000000    -0.00354739  -0.00153119
  0.00209420  -0.01473603    -0.00354739   0.00153119     0.30182918   0.00000000

     Dynamical  Matrix in cartesian axes

     q = (    0.125000000   0.625000000   0.875000000 ) 

    1    1
  0.30182918   0.00000000     0.00354739   0.00153119     0.00209420   0.01473603
  0.00354739  -0.00153119     0.25238984   0.00000000     0.00364753   0.00012237
  0.00209420  -0.01473603     0.00364753  -0.00012237     0.26838892   0.00000000
    1    2
 -0.01428165   0.05415857     0.07909443  -0.06154521     0.01434135  -0.03489752
  0.07909443  -0.06154521    -0.01784114   0.04399943    -0.08438834  -0.13641651
  0.01434135  -0.03489752    -0.08438834  -0.13641651    -0.01980045   0.04642946
    2    1
 -0.01428165  -0.05415857     0.07909443   0.06154521     0.01434135   0.03489752
  0.07909443   0.06154521    -0.01784114  -0.04399943    -0.08438834   0.13641651
  0.01434135   0.03489752    -0.08438834   0.13641651    -0.01980045  -0.04642946
    2    2
  0.30182918   0.00000000     0.00354739  -0.00153119     0.00209420  -0.01473603
  0.00354739   0.00153119     0.25238984   0.00000000     0.00364753  -0.00012237
  0.00209420   0.01473603     0.00364753   0.00012237     0.26838892   0.00000000

     Dynamical  Matrix in cartesian axes

     q = (   -0.125000000   0.625000000   0.875000000 ) 

    1    1
  0.30182918   0.00000000    -0.00354739   0.00153119    -0.00209420   0.01473603
 -0.00354739  -0.00153119     0.25238984   0.00000000     0.00364753  -0.00012237
 -0.00209420  -0.01473603     0.00364753   0.00012237     0.26838892   0.00000000
    1    2
  0.05415857  -0.01428165     0.06154521  -0.07909443     0.03489752  -0.01434135
  0.06154521  -0.07909443     0.04399943  -0.01784114    -0.13641651  -0.08438834
  0.03489752  -0.01434135    -0.13641651  -0.08438834     0.04642946  -0.01980045
    2    1
  0.05415857   0.01428165     0.06154521   0.07909443     0.03489752   0.01434135
  0.06154521   0.07909443     0.04399943   0.01784114    -0.13641651   0.08438834
  0.03489752   0.01434135    -0.13641651   0.08438834     0.04642946   0.01980045
    2    2
  0.30182918   0.00000000    -0.00354739  -0.00153119    -0.00209420  -0.01473603
 -0.00354739   0.00153119     0.25238984   0.00000000     0.00364753   0.00012237
 -0.00209420   0.01473603     0.00364753  -0.00012237     0.26838892   0.00000000

     Dynamical  Matrix in cartesian axes

     q = (    0.125000000   0.625000000  -0.875000000 ) 

    1    1
  0.30182918   0.00000000     0.00354739  -0.00153119    -0.00209420   0.01473603
  0.00354739   0.00153119     0.25238984   0.00000000    -0.00364753   0.00012237
 -0.00209420  -0.01473603    -0.00364753  -0.00012237     0.26838892  -0.00000000
    1    2
 -0.05415857   0.01428165     0.06154521  -0.07909443    -0.03489752   0.01434135
  0.06154521  -0.07909443    -0.04399943   0.01784114    -0.13641651  -0.08438834
 -0.03489752   0.01434135    -0.13641651  -0.08438834    -0.04642946   0.01980045
    2    1
 -0.05415857  -0.01428165     0.06154521   0.07909443    -0.03489752  -0.01434135
  0.06154521   0.07909443    -0.04399943  -0.01784114    -0.13641651   0.08438834
 -0.03489752  -0.01434135    -0.13641651   0.08438834    -0.04642946  -0.01980045
    2    2
  0.30182918   0.00000000     0.00354739   0.00153119    -0.00209420  -0.01473603
  0.00354739  -0.00153119     0.25238984   0.00000000    -0.00364753  -0.00012237
 -0.00209420   0.01473603    -0.00364753   0.00012237     0.26838892   0.00000000

     Dynamical  Matrix in cartesian axes

     q = (   -0.125000000  -0.625000000  -0.875000000 ) 

    1    1
  0.30182918   0.00000000     0.00354739  -0.00153119     0.00209420  -0.01473603
  0.00354739   0.00153119     0.25238984   0.00000000     0.00364753  -0.00012237
  0.00209420   0.01473603     0.00364753   0.00012237     0.26838892   0.00000000
    1    2
 -0.01428165  -0.05415857     0.07909443   0.06154521     0.01434135   0.03489752
  0.07909443   0.06154521    -0.01784114  -0.04399943    -0.08438834   0.13641651
  0.01434135   0.03489752    -0.08438834   0.13641651    -0.01980045  -0.04642946
    2    1
 -0.01428165   0.05415857     0.07909443  -0.06154521     0.01434135  -0.03489752
  0.07909443  -0.06154521    -0.01784114   0.04399943    -0.08438834  -0.13641651
  0.01434135  -0.03489752    -0.08438834  -0.13641651    -0.01980045   0.04642946
    2    2
  0.30182918   0.00000000     0.00354739   0.00153119     0.00209420   0.01473603
  0.00354739  -0.00153119     0.25238984   0.00000000     0.00364753   0.00012237
  0.00209420  -0.01473603     0.00364753  -0.00012237     0.26838892   0.00000000

     Dynamical  Matrix in cartesian axes

     q = (   -0.625000000  -0.875000000   0.125000000 ) 

    1    1
  0.25238984   0.00000000     0.00364753   0.00012237    -0.00354739   0.00153119
  0.00364753  -0.00012237     0.26838892   0.00000000    -0.00209420   0.01473603
 -0.00354739  -0.00153119    -0.00209420  -0.01473603     0.30182918   0.00000000
    1    2
 -0.01849670  -0.04372789     0.15613261   0.03678947     0.01240917  -0.09944725
  0.15613261   0.03678947    -0.01882955  -0.04683161    -0.01453540  -0.03481714
  0.01240917  -0.09944725    -0.01453540  -0.03481714    -0.02819725  -0.04839454
    2    1
 -0.01849670   0.04372789     0.15613261  -0.03678947     0.01240917   0.09944725
  0.15613261  -0.03678947    -0.01882955   0.04683161    -0.01453540   0.03481714
  0.01240917   0.09944725    -0.01453540   0.03481714    -0.02819725   0.04839454
    2    2
  0.25238984   0.00000000     0.00364753  -0.00012237    -0.00354739  -0.00153119
  0.00364753   0.00012237     0.26838892   0.00000000    -0.00209420  -0.01473603
 -0.00354739   0.00153119    -0.00209420   0.01473603     0.30182918  -0.00000000

     Dynamical  Matrix in cartesian axes

     q = (   -0.125000000  -0.625000000   0.875000000 ) 

    1    1
  0.30182918   0.00000000     0.00354739   0.00153119    -0.00209420  -0.01473603
  0.00354739  -0.00153119     0.25238984   0.00000000    -0.00364753  -0.00012237
 -0.00209420   0.01473603    -0.00364753   0.00012237     0.26838892   0.00000000
    1    2
 -0.05415857  -0.01428165     0.06154521   0.07909443    -0.03489752  -0.01434135
  0.06154521   0.07909443    -0.04399943  -0.01784114    -0.13641651   0.08438834
 -0.03489752  -0.01434135    -0.13641651   0.08438834    -0.04642946  -0.01980045
    2    1
 -0.05415857   0.01428165     0.06154521  -0.07909443    -0.03489752   0.01434135
  0.06154521  -0.07909443    -0.04399943   0.01784114    -0.13641651  -0.08438834
 -0.03489752   0.01434135    -0.13641651  -0.08438834    -0.04642946   0.01980045
    2    2
  0.30182918   0.00000000     0.00354739  -0.00153119    -0.00209420   0.01473603
  0.00354739   0.00153119     0.25238984   0.00000000    -0.00364753   0.00012237
 -0.00209420  -0.01473603    -0.00364753  -0.00012237     0.26838892  -0.00000000

     Dynamical  Matrix in cartesian axes

     q = (    0.875000000  -0.625000000   0.125000000 ) 

    1    1
  0.26838892  -0.00000000    -0.00364753  -0.00012237     0.00209420   0.01473603
 -0.00364753   0.00012237     0.25238984   0.00000000    -0.00354739  -0.00153119
  0.00209420  -0.01473603    -0.00354739   0.00153119     0.30182918   0.00000000
    1    2
 -0.01980045  -0.04642946     0.08438834  -0.13641651     0.01434135   0.03489752
  0.08438834  -0.13641651    -0.01784114  -0.04399943    -0.07909443  -0.06154521
  0.01434135   0.03489752    -0.07909443  -0.06154521    -0.01428165  -0.05415857
    2    1
 -0.01980045   0.04642946     0.08438834   0.13641651     0.01434135  -0.03489752
  0.08438834   0.13641651    -0.01784114   0.04399943    -0.07909443   0.06154521
  0.01434135  -0.03489752    -0.07909443   0.06154521    -0.01428165   0.05415857
    2    2
  0.26838892   0.00000000    -0.00364753   0.00012237     0.00209420  -0.01473603
 -0.00364753  -0.00012237     0.25238984   0.00000000    -0.00354739   0.00153119
  0.00209420   0.01473603    -0.00354739  -0.00153119     0.30182918  -0.00000000

     Dynamical  Matrix in cartesian axes

     q = (    0.625000000   0.875000000   0.125000000 ) 

    1    1
