Dynamical matrix file
default                                                                    
  1    2   2  10.2273000   0.0000000   0.0000000   0.0000000   0.0000000   0.0000000
           1  'Si  '    25598.3672898282     
    1    1     -0.2500000000      0.2500000000      0.2500000000
    2    1     -0.5000000000      0.5000000000      0.5000000000

     Dynamical  Matrix in cartesian axes

     q = (    0.625000000  -0.125000000   0.625000000 ) 

    1    1
  0.26471242   0.00000000    -0.00496665  -0.00768205     0.00949799   0.00000000
 -0.00496665   0.00768205     0.29929748   0.00000000    -0.00496665   0.00768205
  0.00949799   0.00000000    -0.00496665  -0.00768205     0.26471242   0.00000000
    1    2
 -0.08310762   0.02074677    -0.03562368   0.08193643     0.13445644   0.01128394
 -0.03562368   0.08193643    -0.10385847   0.01868667    -0.03562368   0.08193643
  0.13445644   0.01128394    -0.03562368   0.08193643    -0.08310762   0.02074677
    2    1
 -0.08310762  -0.02074677    -0.03562368  -0.08193643     0.13445644  -0.01128394
 -0.03562368  -0.08193643    -0.10385847  -0.01868667    -0.03562368  -0.08193643
  0.13445644  -0.01128394    -0.03562368  -0.08193643    -0.08310762  -0.02074677
    2    2
  0.26471242   0.00000000    -0.00496665   0.00768205     0.00949799   0.00000000
 -0.00496665  -0.00768205     0.29929748   0.00000000    -0.00496665  -0.00768205
  0.00949799   0.00000000    -0.00496665   0.00768205     0.26471242   0.00000000

     Dynamical  Matrix in cartesian axes

     q = (   -0.625000000  -0.125000000   0.625000000 ) 

    1    1
  0.26471242   0.00000000     0.00496665  -0.00768205    -0.00949799   0.00000000
  0.00496665   0.00768205     0.29929748   0.00000000    -0.00496665  -0.00768205
 -0.00949799   0.00000000    -0.00496665   0.00768205     0.26471242   0.00000000
    1    2
 -0.02074677   0.08310762     0.08193643  -0.03562368     0.01128394   0.13445644
  0.08193643  -0.03562368    -0.01868667   0.10385847    -0.08193643   0.03562368
  0.01128394   0.13445644    -0.08193643   0.03562368    -0.02074677   0.08310762
    2    1
 -0.02074677  -0.08310762     0.08193643   0.03562368     0.01128394  -0.13445644
  0.08193643   0.03562368    -0.01868667  -0.10385847    -0.08193643  -0.03562368
  0.01128394  -0.13445644    -0.08193643  -0.03562368    -0.02074677  -0.08310762
    2    2
  0.26471242   0.00000000     0.00496665   0.00768205    -0.00949799   0.00000000
  0.00496665  -0.00768205     0.29929748   0.00000000    -0.00496665   0.00768205
 -0.00949799   0.00000000    -0.00496665  -0.00768205     0.26471242   0.00000000

     Dynamical  Matrix in cartesian axes

     q = (   -0.625000000  -0.125000000  -0.625000000 ) 

    1    1
  0.26471242   0.00000000     0.00496665   0.00768205     0.00949799   0.00000000
  0.00496665  -0.00768205     0.29929748   0.00000000     0.00496665  -0.00768205
  0.00949799   0.00000000     0.00496665   0.00768205     0.26471242   0.00000000
    1    2
 -0.08310762   0.02074677     0.03562368  -0.08193643     0.13445644   0.01128394
  0.03562368  -0.08193643    -0.10385847   0.01868667     0.03562368  -0.08193643
  0.13445644   0.01128394     0.03562368  -0.08193643    -0.08310762   0.02074677
    2    1
 -0.08310762  -0.02074677     0.03562368   0.08193643     0.13445644  -0.01128394
  0.03562368   0.08193643    -0.10385847  -0.01868667     0.03562368   0.08193643
  0.13445644  -0.01128394     0.03562368   0.08193643    -0.08310762  -0.02074677
    2    2
  0.26471242   0.00000000     0.00496665  -0.00768205     0.00949799   0.00000000
  0.00496665   0.00768205     0.29929748   0.00000000     0.00496665   0.00768205
  0.00949799   0.00000000     0.00496665  -0.00768205     0.26471242   0.00000000

     Dynamical  Matrix in cartesian axes

     q = (    0.625000000  -0.125000000  -0.625000000 ) 

    1    1
  0.26471242   0.00000000    -0.00496665   0.00768205    -0.00949799   0.00000000
 -0.00496665  -0.00768205     0.29929748   0.00000000     0.00496665   0.00768205
 -0.00949799   0.00000000     0.00496665  -0.00768205     0.26471242   0.00000000
    1    2
  0.07343614  -0.04409578     0.08312755   0.03274806     0.08709611  -0.10305401
  0.08312755   0.03274806     0.08665250  -0.06022556    -0.08312755  -0.03274806
  0.08709611  -0.10305401    -0.08312755  -0.03274806     0.07343614  -0.04409578
    2    1
  0.07343614   0.04409578     0.08312755  -0.03274806     0.08709611   0.10305401
  0.08312755  -0.03274806     0.08665250   0.06022556    -0.08312755   0.03274806
  0.08709611   0.10305401    -0.08312755   0.03274806     0.07343614   0.04409578
    2    2
  0.26471242   0.00000000    -0.00496665  -0.00768205    -0.00949799   0.00000000
 -0.00496665   0.00768205     0.29929748   0.00000000     0.00496665  -0.00768205
 -0.00949799   0.00000000     0.00496665   0.00768205     0.26471242   0.00000000

     Dynamical  Matrix in cartesian axes

     q = (   -0.625000000   0.125000000  -0.625000000 ) 

    1    1
  0.26471242   0.00000000    -0.00496665   0.00768205     0.00949799   0.00000000
 -0.00496665  -0.00768205     0.29929748   0.00000000    -0.00496665  -0.00768205
  0.00949799   0.00000000    -0.00496665   0.00768205     0.26471242   0.00000000
    1    2
 -0.08310762  -0.02074677    -0.03562368  -0.08193643     0.13445644  -0.01128394
 -0.03562368  -0.08193643    -0.10385847  -0.01868667    -0.03562368  -0.08193643
  0.13445644  -0.01128394    -0.03562368  -0.08193643    -0.08310762  -0.02074677
    2    1
 -0.08310762   0.02074677    -0.03562368   0.08193643     0.13445644   0.01128394
 -0.03562368   0.08193643    -0.10385847   0.01868667    -0.03562368   0.08193643
  0.13445644   0.01128394    -0.03562368   0.08193643    -0.08310762   0.02074677
    2    2
  0.26471242   0.00000000    -0.00496665  -0.00768205     0.00949799   0.00000000
 -0.00496665   0.00768205     0.29929748   0.00000000    -0.00496665   0.00768205
  0.00949799   0.00000000    -0.00496665  -0.00768205     0.26471242   0.00000000

     Dynamical  Matrix in cartesian axes

     q = (   -0.125000000   0.625000000  -0.625000000 ) 

    1    1
  0.29929748   0.00000000    -0.00496665  -0.00768205     0.00496665   0.00768205
 -0.00496665   0.00768205     0.26471242   0.00000000    -0.00949799   0.00000000
  0.00496665  -0.00768205    -0.00949799   0.00000000     0.26471242   0.00000000
    1    2
 -0.10385847  -0.01868667    -0.03562368  -0.08193643     0.03562368   0.08193643
 -0.03562368  -0.08193643    -0.08310762  -0.02074677    -0.13445644   0.01128394
  0.03562368   0.08193643    -0.13445644   0.01128394    -0.08310762  -0.02074677
    2    1
 -0.10385847   0.01868667    -0.03562368   0.08193643     0.03562368  -0.08193643
 -0.03562368   0.08193643    -0.08310762   0.02074677    -0.13445644  -0.01128394
  0.03562368  -0.08193643    -0.13445644  -0.01128394    -0.08310762   0.02074677
    2    2
  0.29929748   0.00000000    -0.00496665   0.00768205     0.00496665  -0.00768205
 -0.00496665  -0.00768205     0.26471242   0.00000000    -0.00949799   0.00000000
  0.00496665   0.00768205    -0.00949799   0.00000000     0.26471242   0.00000000

     Dynamical  Matrix in cartesian axes

     q = (   -0.625000000   0.625000000  -0.125000000 ) 

    1    1
  0.26471242   0.00000000    -0.00949799   0.00000000     0.00496665  -0.00768205
 -0.00949799   0.00000000     0.26471242   0.00000000    -0.00496665   0.00768205
  0.00496665   0.00768205    -0.00496665  -0.00768205     0.29929748   0.00000000
    1    2
 -0.02074677   0.08310762     0.01128394   0.13445644     0.08193643  -0.03562368
  0.01128394   0.13445644    -0.02074677   0.08310762    -0.08193643   0.03562368
  0.08193643  -0.03562368    -0.08193643   0.03562368    -0.01868667   0.10385847
    2    1
 -0.02074677  -0.08310762     0.01128394  -0.13445644     0.08193643   0.03562368
  0.01128394  -0.13445644    -0.02074677  -0.08310762    -0.08193643  -0.03562368
  0.08193643   0.03562368    -0.08193643  -0.03562368    -0.01868667  -0.10385847
    2    2
  0.26471242   0.00000000    -0.00949799   0.00000000     0.00496665   0.00768205
 -0.00949799   0.00000000     0.26471242   0.00000000    -0.00496665  -0.00768205
  0.00496665  -0.00768205    -0.00496665   0.00768205     0.29929748   0.00000000

     Dynamical  Matrix in cartesian axes

     q = (    0.625000000   0.125000000   0.625000000 ) 

    1    1
  0.26471242   0.00000000     0.00496665  -0.00768205     0.00949799   0.00000000
  0.00496665   0.00768205     0.29929748   0.00000000     0.00496665   0.00768205
  0.00949799   0.00000000     0.00496665  -0.00768205     0.26471242   0.00000000
    1    2
 -0.08310762  -0.02074677     0.03562368   0.08193643     0.13445644  -0.01128394
  0.03562368   0.08193643    -0.10385847  -0.01868667     0.03562368   0.08193643
  0.13445644  -0.01128394     0.03562368   0.08193643    -0.08310762  -0.02074677
    2    1
 -0.08310762   0.02074677     0.03562368  -0.08193643     0.13445644   0.01128394
  0.03562368  -0.08193643    -0.10385847   0.01868667     0.03562368  -0.08193643
  0.13445644   0.01128394     0.03562368  -0.08193643    -0.08310762   0.02074677
    2    2
  0.26471242   0.00000000     0.00496665   0.00768205     0.00949799   0.00000000
  0.00496665  -0.00768205     0.29929748   0.00000000     0.00496665  -0.00768205
  0.00949799   0.00000000     0.00496665   0.00768205     0.26471242   0.00000000

     Dynamical  Matrix in cartesian axes

     q = (   -0.625000000   0.125000000   0.625000000 ) 

    1    1
  0.26471242   0.00000000    -0.00496665  -0.00768205    -0.00949799   0.00000000
 -0.00496665   0.00768205     0.29929748   0.00000000     0.00496665  -0.00768205
 -0.00949799   0.00000000     0.00496665   0.00768205     0.26471242   0.00000000
    1    2
  0.07343614   0.04409578     0.08312755  -0.03274806     0.08709611   0.10305401
  0.08312755  -0.03274806     0.08665250   0.06022556    -0.08312755   0.03274806
  0.08709611   0.10305401    -0.08312755   0.03274806     0.07343614   0.04409578
    2    1
  0.07343614  -0.04409578     0.08312755   0.03274806     0.08709611  -0.10305401
  0.08312755   0.03274806     0.08665250  -0.06022556    -0.08312755  -0.03274806
  0.08709611  -0.10305401    -0.08312755  -0.03274806     0.07343614  -0.04409578
    2    2
  0.26471242   0.00000000    -0.00496665   0.00768205    -0.00949799   0.00000000
 -0.00496665  -0.00768205     0.29929748   0.00000000     0.00496665   0.00768205
 -0.00949799   0.00000000     0.00496665  -0.00768205     0.26471242   0.00000000

     Dynamical  Matrix in cartesian axes

     q = (    0.625000000   0.125000000  -0.625000000 ) 

    1    1
  0.26471242   0.00000000     0.00496665   0.00768205    -0.00949799   0.00000000
  0.00496665  -0.00768205     0.29929748   0.00000000    -0.00496665   0.00768205
 -0.00949799   0.00000000    -0.00496665  -0.00768205     0.26471242   0.00000000
    1    2
 -0.02074677  -0.08310762     0.08193643   0.03562368     0.01128394  -0.13445644
  0.08193643   0.03562368    -0.01868667  -0.10385847    -0.08193643  -0.03562368
  0.01128394  -0.13445644    -0.08193643  -0.03562368    -0.02074677  -0.08310762
    2    1
 -0.02074677   0.08310762     0.08193643  -0.03562368     0.01128394   0.13445644
  0.08193643  -0.03562368    -0.01868667   0.10385847    -0.08193643   0.03562368
  0.01128394   0.13445644    -0.08193643   0.03562368    -0.02074677   0.08310762
    2    2
  0.26471242   0.00000000     0.00496665  -0.00768205    -0.00949799   0.00000000
  0.00496665   0.00768205     0.29929748   0.00000000    -0.00496665  -0.00768205
 -0.00949799   0.00000000    -0.00496665   0.00768205     0.26471242   0.00000000

     Dynamical  Matrix in cartesian axes

     q = (   -0.625000000   0.625000000   0.125000000 ) 

    1    1
  0.26471242   0.00000000    -0.00949799   0.00000000    -0.00496665  -0.00768205
 -0.00949799   0.00000000     0.26471242   0.00000000     0.00496665   0.00768205
 -0.00496665   0.00768205     0.00496665  -0.00768205     0.29929748   0.00000000
    1    2
  0.07343614   0.04409578     0.08709611   0.10305401     0.08312755  -0.03274806
  0.08709611   0.10305401     0.07343614   0.04409578    -0.08312755   0.03274806
  0.08312755  -0.03274806    -0.08312755   0.03274806     0.08665250   0.06022556
    2    1
  0.07343614  -0.04409578     0.08709611  -0.10305401     0.08312755   0.03274806
  0.08709611  -0.10305401     0.07343614  -0.04409578    -0.08312755  -0.03274806
  0.08312755   0.03274806    -0.08312755  -0.03274806     0.08665250  -0.06022556
    2    2
  0.26471242   0.00000000    -0.00949799   0.00000000    -0.00496665   0.00768205
 -0.00949799   0.00000000     0.26471242   0.00000000     0.00496665  -0.00768205
 -0.00496665  -0.00768205     0.00496665   0.00768205     0.29929748   0.00000000

     Dynamical  Matrix in cartesian axes

     q = (   -0.125000000   0.625000000   0.625000000 ) 

    1    1
  0.29929748   0.00000000    -0.00496665   0.00768205    -0.00496665   0.00768205
 -0.00496665  -0.00768205     0.26471242   0.00000000     0.00949799   0.00000000
 -0.00496665  -0.00768205     0.00949799   0.00000000     0.26471242   0.00000000
    1    2
  0.08665250   0.06022556     0.08312755  -0.03274806     0.08312755  -0.03274806
  0.08312755  -0.03274806     0.07343614   0.04409578    -0.08709611  -0.10305401
  0.08312755  -0.03274806    -0.08709611  -0.10305401     0.07343614   0.04409578
    2    1
  0.08665250  -0.06022556     0.08312755   0.03274806     0.08312755   0.03274806
  0.08312755   0.03274806     0.07343614  -0.04409578    -0.08709611   0.10305401
  0.08312755   0.03274806    -0.08709611   0.10305401     0.07343614  -0.04409578
    2    2
  0.29929748   0.00000000    -0.00496665  -0.00768205    -0.00496665  -0.00768205
 -0.00496665   0.00768205     0.26471242   0.00000000     0.00949799   0.00000000
 -0.00496665   0.00768205     0.00949799   0.00000000     0.26471242   0.00000000

     Dynamical  Matrix in cartesian axes

     q = (    0.125000000   0.625000000  -0.625000000 ) 

    1    1
  0.29929748   0.00000000     0.00496665  -0.00768205    -0.00496665   0.00768205
  0.00496665   0.00768205     0.26471242   0.00000000    -0.00949799   0.00000000
 -0.00496665  -0.00768205    -0.00949799   0.00000000     0.26471242   0.00000000
    1    2
 -0.10385847   0.01868667     0.03562368  -0.08193643    -0.03562368   0.08193643
  0.03562368  -0.08193643    -0.08310762   0.02074677    -0.13445644  -0.01128394
 -0.03562368   0.08193643    -0.13445644  -0.01128394    -0.08310762   0.02074677
    2    1
 -0.10385847  -0.01868667     0.03562368   0.08193643    -0.03562368  -0.08193643
  0.03562368   0.08193643    -0.08310762  -0.02074677    -0.13445644   0.01128394
 -0.03562368  -0.08193643    -0.13445644   0.01128394    -0.08310762  -0.02074677
    2    2
  0.29929748   0.00000000     0.00496665   0.00768205    -0.00496665  -0.00768205
  0.00496665  -0.00768205     0.26471242   0.00000000    -0.00949799   0.00000000
 -0.00496665   0.00768205    -0.00949799   0.00000000     0.26471242   0.00000000

     Dynamical  Matrix in cartesian axes

     q = (   -0.125000000  -0.625000000  -0.625000000 ) 

    1    1
  0.29929748   0.00000000     0.00496665  -0.00768205     0.00496665  -0.00768205
  0.00496665   0.00768205     0.26471242   0.00000000     0.00949799   0.00000000
  0.00496665   0.00768205     0.00949799   0.00000000     0.26471242   0.00000000
    1    2
 -0.01868667  -0.10385847     0.08193643   0.03562368     0.08193643   0.03562368
  0.08193643   0.03562368    -0.02074677  -0.08310762    -0.01128394   0.13445644
  0.08193643   0.03562368    -0.01128394   0.13445644    -0.02074677  -0.08310762
    2    1
 -0.01868667   0.10385847     0.08193643  -0.03562368     0.08193643  -0.03562368
  0.08193643  -0.03562368    -0.02074677   0.08310762    -0.01128394  -0.13445644
  0.08193643  -0.03562368    -0.01128394  -0.13445644    -0.02074677   0.08310762
    2    2
  0.29929748   0.00000000     0.00496665   0.00768205     0.00496665   0.00768205
  0.00496665  -0.00768205     0.26471242   0.00000000     0.00949799   0.00000000
  0.00496665  -0.00768205     0.00949799   0.00000000     0.26471242   0.00000000

     Dynamical  Matrix in cartesian axes

     q = (    0.625000000   0.625000000  -0.125000000 ) 

    1    1
  0.26471242   0.00000000     0.00949799   0.00000000    -0.00496665  -0.00768205
  0.00949799   0.00000000     0.26471242   0.00000000    -0.00496665  -0.00768205
 -0.00496665   0.00768205    -0.00496665   0.00768205     0.29929748   0.00000000
    1    2
 -0.08310762   0.02074677     0.13445644   0.01128394    -0.03562368   0.08193643
  0.13445644   0.01128394    -0.08310762   0.02074677    -0.03562368   0.08193643
 -0.03562368   0.08193643    -0.03562368   0.08193643    -0.10385847   0.01868667
    2    1
 -0.08310762  -0.02074677     0.13445644  -0.01128394    -0.03562368  -0.08193643
  0.13445644  -0.01128394    -0.08310762  -0.02074677    -0.03562368  -0.08193643
 -0.03562368  -0.08193643    -0.03562368  -0.08193643    -0.10385847  -0.01868667
    2    2
  0.26471242   0.00000000     0.00949799   0.00000000    -0.00496665   0.00768205
  0.00949799   0.00000000     0.26471242   0.00000000    -0.00496665   0.00768205
 -0.00496665  -0.00768205    -0.00496665  -0.00768205     0.29929748   0.00000000

     Dynamical  Matrix in cartesian axes

     q = (   -0.625000000  -0.625000000  -0.125000000 ) 

    1    1
  0.26471242   0.00000000     0.00949799   0.00000000     0.00496665   0.00768205
  0.00949799   0.00000000     0.26471242   0.00000000     0.00496665   0.00768205
  0.00496665  -0.00768205     0.00496665  -0.00768205     0.29929748   0.00000000
    1    2
 -0.08310762   0.02074677     0.13445644   0.01128394     0.03562368  -0.08193643
  0.13445644   0.01128394    -0.08310762   0.02074677     0.03562368  -0.08193643
  0.03562368  -0.08193643     0.03562368  -0.08193643    -0.10385847   0.01868667
    2    1
 -0.08310762  -0.02074677     0.13445644  -0.01128394     0.03562368   0.08193643
  0.13445644  -0.01128394    -0.08310762  -0.02074677     0.03562368   0.08193643
  0.03562368   0.08193643     0.03562368   0.08193643    -0.10385847  -0.01868667
    2    2
  0.26471242   0.00000000     0.00949799   0.00000000     0.00496665  -0.00768205
  0.00949799   0.00000000     0.26471242   0.00000000     0.00496665  -0.00768205
  0.00496665   0.00768205     0.00496665   0.00768205     0.29929748   0.00000000

     Dynamical  Matrix in cartesian axes

     q = (    0.125000000  -0.625000000   0.625000000 ) 

    1    1
  0.29929748   0.00000000    -0.00496665   0.00768205     0.00496665  -0.00768205
 -0.00496665  -0.00768205     0.26471242   0.00000000    -0.00949799   0.00000000
  0.00496665   0.00768205    -0.00949799   0.00000000     0.26471242   0.00000000
    1    2
 -0.10385847   0.01868667    -0.03562368   0.08193643     0.03562368  -0.08193643
 -0.03562368   0.08193643    -0.08310762   0.02074677    -0.13445644  -0.01128394
  0.03562368  -0.08193643    -0.13445644  -0.01128394    -0.08310762   0.02074677
    2    1
 -0.10385847  -0.01868667    -0.03562368  -0.08193643     0.03562368   0.08193643
 -0.03562368  -0.08193643    -0.08310762  -0.02074677    -0.13445644   0.01128394
  0.03562368   0.08193643    -0.13445644   0.01128394    -0.08310762  -0.02074677
    2    2
  0.29929748   0.00000000    -0.00496665  -0.00768205     0.00496665   0.00768205
 -0.00496665   0.00768205     0.26471242   0.00000000    -0.00949799   0.00000000
  0.00496665  -0.00768205    -0.00949799   0.00000000     0.26471242   0.00000000

     Dynamical  Matrix in cartesian axes

     q = (    0.625000000  -0.625000000   0.125000000 ) 

    1    1
  0.26471242   0.00000000    -0.00949799   0.00000000     0.00496665   0.00768205
 -0.00949799   0.00000000     0.26471242   0.00000000    -0.00496665  -0.00768205
  0.00496665  -0.00768205    -0.00496665   0.00768205     0.29929748   0.00000000
    1    2
 -0.02074677  -0.08310762     0.01128394  -0.13445644     0.08193643   0.03562368
  0.01128394  -0.13445644    -0.02074677  -0.08310762    -0.08193643  -0.03562368
  0.08193643   0.03562368    -0.08193643  -0.03562368    -0.01868667  -0.10385847
    2    1
 -0.02074677   0.08310762     0.01128394   0.13445644     0.08193643  -0.03562368
  0.01128394   0.13445644    -0.02074677   0.08310762    -0.08193643   0.03562368
  0.08193643  -0.03562368    -0.08193643   0.03562368    -0.01868667   0.10385847
    2    2
  0.26471242   0.00000000    -0.00949799   0.00000000     0.00496665  -0.00768205
 -0.00949799   0.00000000     0.26471242   0.00000000    -0.00496665   0.00768205
  0.00496665   0.00768205    -0.00496665  -0.00768205     0.29929748   0.00000000

     Dynamical  Matrix in cartesian axes

     q = (    0.125000000   0.625000000   0.625000000 ) 

    1    1
  0.29929748   0.00000000     0.00496665   0.00768205     0.00496665   0.00768205
  0.00496665  -0.00768205     0.26471242   0.00000000     0.00949799   0.00000000
  0.00496665  -0.00768205     0.00949799   0.00000000     0.26471242   0.00000000
    1    2
 -0.01868667   0.10385847     0.08193643  -0.03562368     0.08193643  -0.03562368
  0.08193643  -0.03562368    -0.02074677   0.08310762    -0.01128394  -0.13445644
  0.08193643  -0.03562368    -0.01128394  -0.13445644    -0.02074677   0.08310762
    2    1
 -0.01868667  -0.10385847     0.08193643   0.03562368     0.08193643   0.03562368
  0.08193643   0.03562368    -0.02074677  -0.08310762    -0.01128394   0.13445644
  0.08193643   0.03562368    -0.01128394   0.13445644    -0.02074677  -0.08310762
    2    2
  0.29929748   0.00000000     0.00496665  -0.00768205     0.00496665  -0.00768205
  0.00496665   0.00768205     0.26471242   0.00000000     0.00949799   0.00000000
  0.00496665   0.00768205     0.00949799   0.00000000     0.26471242   0.00000000

     Dynamical  Matrix in cartesian axes

     q = (   -0.625000000  -0.625000000   0.125000000 ) 

    1    1
  0.26471242   0.00000000     0.00949799   0.00000000    -0.00496665   0.00768205
  0.00949799   0.00000000     0.26471242   0.00000000    -0.00496665   0.00768205
 -0.00496665  -0.00768205    -0.00496665  -0.00768205     0.29929748   0.00000000
    1    2
 -0.08310762  -0.02074677     0.13445644  -0.01128394    -0.03562368  -0.08193643
  0.13445644  -0.01128394    -0.08310762  -0.02074677    -0.03562368  -0.08193643
 -0.03562368  -0.08193643    -0.03562368  -0.08193643    -0.10385847  -0.01868667
    2    1
 -0.08310762   0.02074677     0.13445644   0.01128394    -0.03562368   0.08193643
  0.13445644   0.01128394    -0.08310762   0.02074677    -0.03562368   0.08193643
 -0.03562368   0.08193643    -0.03562368   0.08193643    -0.10385847   0.01868667
    2    2
  0.26471242   0.00000000     0.00949799   0.00000000    -0.00496665  -0.00768205
  0.00949799   0.00000000     0.26471242   0.00000000    -0.00496665  -0.00768205
 -0.00496665   0.00768205    -0.00496665   0.00768205     0.29929748   0.00000000

     Dynamical  Matrix in cartesian axes

     q = (   -0.125000000  -0.625000000   0.625000000 ) 

    1    1
  0.29929748   0.00000000     0.00496665   0.00768205    -0.00496665  -0.00768205
  0.00496665  -0.00768205     0.26471242   0.00000000    -0.00949799   0.00000000
 -0.00496665   0.00768205    -0.00949799   0.00000000     0.26471242   0.00000000
    1    2
 -0.10385847  -0.01868667     0.03562368   0.08193643    -0.03562368  -0.08193643
  0.03562368   0.08193643    -0.08310762  -0.02074677    -0.13445644   0.01128394
 -0.03562368  -0.08193643    -0.13445644   0.01128394    -0.08310762  -0.02074677
    2    1
 -0.10385847   0.01868667     0.03562368  -0.08193643    -0.03562368   0.08193643
  0.03562368  -0.08193643    -0.08310762   0.02074677    -0.13445644  -0.01128394
 -0.03562368   0.08193643    -0.13445644  -0.01128394    -0.08310762   0.02074677
    2    2
  0.29929748   0.00000000     0.00496665  -0.00768205    -0.00496665   0.00768205
  0.00496665   0.00768205     0.26471242   0.00000000    -0.00949799   0.00000000
 -0.00496665  -0.00768205    -0.00949799   0.00000000     0.26471242   0.00000000

     Dynamical  Matrix in cartesian axes

     q = (    0.625000000   0.625000000   0.125000000 ) 

    1    1
  0.26471242   0.00000000     0.00949799   0.00000000     0.00496665  -0.00768205
  0.00949799   0.00000000     0.26471242   0.00000000     0.00496665  -0.00768205
  0.00496665   0.00768205     0.00496665   0.00768205     0.29929748   0.00000000
    1    2
 -0.08310762  -0.02074677     0.13445644  -0.01128394     0.03562368   0.08193643
  0.13445644  -0.01128394    -0.08310762  -0.02074677     0.03562368   0.08193643
  0.03562368   0.08193643     0.03562368   0.08193643    -0.10385847  -0.01868667
    2    1
 -0.08310762   0.02074677     0.13445644   0.01128394     0.03562368  -0.08193643
  0.13445644   0.01128394    -0.08310762   0.02074677     0.03562368  -0.08193643
  0.03562368  -0.08193643     0.03562368  -0.08193643    -0.10385847   0.01868667
    2    2
  0.26471242   0.00000000     0.00949799   0.00000000     0.00496665   0.00768205
  0.00949799   0.00000000     0.26471242   0.00000000     0.00496665   0.00768205
  0.00496665  -0.00768205     0.00496665  -0.00768205     0.29929748   0.00000000

     Dynamical  Matrix in cartesian axes

     q = (    0.125000000  -0.625000000  -0.625000000 ) 

    1    1
  0.29929748   0.00000000    -0.00496665  -0.00768205    -0.00496665  -0.00768205
 -0.00496665   0.00768205     0.26471242   0.00000000     0.00949799   0.00000000
 -0.00496665   0.00768205     0.00949799   0.00000000     0.26471242   0.00000000
    1    2
  0.08665250  -0.06022556     0.08312755   0.03274806     0.08312755   0.03274806
  0.08312755   0.03274806     0.07343614  -0.04409578    -0.08709611   0.10305401
  0.08312755   0.03274806    -0.08709611   0.10305401     0.07343614  -0.04409578
    2    1
  0.08665250   0.06022556     0.08312755  -0.03274806     0.08312755  -0.03274806
  0.08312755  -0.03274806     0.07343614   0.04409578    -0.08709611  -0.10305401
  0.08312755  -0.03274806    -0.08709611  -0.10305401     0.07343614   0.04409578
    2    2
  0.29929748   0.00000000    -0.00496665   0.00768205    -0.00496665   0.00768205
 -0.00496665  -0.00768205     0.26471242   0.00000000     0.00949799   0.00000000
 -0.00496665  -0.00768205     0.00949799   0.00000000     0.26471242   0.00000000

     Dynamical  Matrix in cartesian axes

     q = (    0.625000000  -0.625000000  -0.125000000 ) 

    1    1
  0.26471242   0.00000000    -0.00949799   0.00000000    -0.00496665   0.00768205
 -0.00949799   0.00000000     0.26471242   0.00000000     0.00496665  -0.00768205
 -0.00496665  -0.00768205     0.00496665   0.00768205     0.29929748   0.00000000
    1    2
  0.07343614  -0.04409578     0.08709611  -0.10305401     0.08312755   0.03274806
  0.08709611  -0.10305401     0.07343614  -0.04409578    -0.08312755  -0.03274806
  0.08312755   0.03274806    -0.08312755  -0.03274806     0.08665250  -0.06022556
    2    1
  0.07343614   0.04409578     0.08709611   0.10305401     0.08312755  -0.03274806
  0.08709611   0.10305401     0.07343614   0.04409578    -0.08312755   0.03274806
  0.08312755  -0.03274806    -0.08312755   0.03274806     0.08665250   0.06022556
    2    2
  0.26471242   0.00000000    -0.00949799   0.00000000    -0.00496665  -0.00768205
 -0.00949799   0.00000000     0.26471242   0.00000000     0.00496665   0.00768205
 -0.00496665   0.00768205     0.00496665  -0.00768205     0.29929748   0.00000000

     Diagonalizing the dynamical matrix

     q = (    0.625000000  -0.125000000   0.625000000 ) 

 **************************************************************************
     freq (    1) =       3.978909 [THz] =     132.722105 [cm-1]
 ( -0.499528  0.021727 -0.000000 -0.000000  0.499528 -0.021727 ) 
 ( -0.500000 -0.000000 -0.000000 -0.000000  0.500000  0.000000 ) 
     freq (    2) =       5.973248 [THz] =     199.246120 [cm-1]
 ( -0.204500 -0.266405  0.180000 -0.491952 -0.204500 -0.266405 ) 
 (  0.335845  0.000000  0.280631 -0.442338  0.335845  0.000000 ) 
     freq (    3) =       9.804493 [THz] =     327.042688 [cm-1]
 (  0.116922  0.384590  0.287102 -0.307266  0.116922  0.384590 ) 
 (  0.401970  0.000000 -0.210471  0.364063  0.401970  0.000000 ) 
     freq (    4) =      11.778749 [THz] =     392.896786 [cm-1]
 ( -0.150713 -0.330125 -0.342068  0.345826 -0.150713 -0.330125 ) 
 (  0.362901 -0.000000 -0.172530  0.454796  0.362901  0.000000 ) 
     freq (    5) =      14.141394 [THz] =     471.706114 [cm-1]
 ( -0.499528  0.021727  0.000000 -0.000000  0.499528 -0.021727 ) 
 (  0.500000  0.000000 -0.000000  0.000000 -0.500000  0.000000 ) 
     freq (    6) =      14.642906 [THz] =     488.434782 [cm-1]
 ( -0.249200 -0.178411  0.168759 -0.532596 -0.249200 -0.178411 ) 
 ( -0.306482 -0.000000 -0.172820  0.531292 -0.306482  0.000000 ) 
 **************************************************************************
