Dynamical matrix file
default                                                                    
  1    2   2  10.2273000   0.0000000   0.0000000   0.0000000   0.0000000   0.0000000
           1  'Si  '    25598.3672898282     
    1    1     -0.2500000000      0.2500000000      0.2500000000
    2    1     -0.5000000000      0.5000000000      0.5000000000

     Dynamical  Matrix in cartesian axes

     q = (    0.500000000   0.000000000   0.750000000 ) 

    1    1
  0.25462150   0.00000000     0.00000000  -0.00143274     0.00696450   0.00000000
  0.00000000   0.00143274     0.28661317   0.00000000     0.00000000   0.01427669
  0.00696450   0.00000000    -0.00000000  -0.01427669     0.27915718   0.00000000
    1    2
 -0.06170295   0.02555820     0.04836135   0.11675462     0.11735542  -0.04861020
  0.04836135   0.11675462    -0.07391495   0.03061658     0.02051037   0.04951642
  0.11735542  -0.04861020     0.02051037   0.04951642    -0.06392142   0.02647712
    2    1
 -0.06170295  -0.02555820     0.04836135  -0.11675462     0.11735542   0.04861020
  0.04836135  -0.11675462    -0.07391495  -0.03061658     0.02051037  -0.04951642
  0.11735542   0.04861020     0.02051037  -0.04951642    -0.06392142  -0.02647712
    2    2
  0.25462150   0.00000000     0.00000000   0.00143274     0.00696450   0.00000000
  0.00000000  -0.00143274     0.28661317   0.00000000    -0.00000000  -0.01427669
  0.00696450   0.00000000    -0.00000000   0.01427669     0.27915718   0.00000000

     Dynamical  Matrix in cartesian axes

     q = (    0.750000000   0.000000000   0.500000000 ) 

    1    1
  0.27915718   0.00000000     0.00000000  -0.01427669     0.00696450   0.00000000
  0.00000000   0.01427669     0.28661317   0.00000000     0.00000000   0.00143274
  0.00696450   0.00000000     0.00000000  -0.00143274     0.25462150   0.00000000
    1    2
 -0.06392142  -0.02647712    -0.02051037   0.04951642     0.11735542   0.04861020
 -0.02051037   0.04951642    -0.07391495  -0.03061658    -0.04836135   0.11675462
  0.11735542   0.04861020    -0.04836135   0.11675462    -0.06170295  -0.02555820
    2    1
 -0.06392142   0.02647712    -0.02051037  -0.04951642     0.11735542  -0.04861020
 -0.02051037  -0.04951642    -0.07391495   0.03061658    -0.04836135  -0.11675462
  0.11735542  -0.04861020    -0.04836135  -0.11675462    -0.06170295   0.02555820
    2    2
  0.27915718   0.00000000     0.00000000   0.01427669     0.00696450   0.00000000
  0.00000000  -0.01427669     0.28661317   0.00000000     0.00000000  -0.00143274
  0.00696450   0.00000000     0.00000000   0.00143274     0.25462150   0.00000000

     Dynamical  Matrix in cartesian axes

     q = (    0.500000000   0.000000000  -0.750000000 ) 

    1    1
  0.25462150   0.00000000     0.00000000   0.00143274    -0.00696450   0.00000000
 -0.00000000  -0.00143274     0.28661317   0.00000000     0.00000000   0.01427669
 -0.00696450   0.00000000     0.00000000  -0.01427669     0.27915718   0.00000000
    1    2
  0.02555820  -0.06170295     0.11675462   0.04836135     0.04861020  -0.11735542
  0.11675462   0.04836135     0.03061658  -0.07391495    -0.04951642  -0.02051037
  0.04861020  -0.11735542    -0.04951642  -0.02051037     0.02647712  -0.06392142
    2    1
  0.02555820   0.06170295     0.11675462  -0.04836135     0.04861020   0.11735542
  0.11675462  -0.04836135     0.03061658   0.07391495    -0.04951642   0.02051037
  0.04861020   0.11735542    -0.04951642   0.02051037     0.02647712   0.06392142
    2    2
  0.25462150   0.00000000     0.00000000  -0.00143274    -0.00696450   0.00000000
 -0.00000000   0.00143274     0.28661317   0.00000000     0.00000000  -0.01427669
 -0.00696450   0.00000000     0.00000000   0.01427669     0.27915718   0.00000000

     Dynamical  Matrix in cartesian axes

     q = (    0.750000000   0.000000000  -0.500000000 ) 

    1    1
  0.27915718   0.00000000     0.00000000   0.01427669    -0.00696450   0.00000000
  0.00000000  -0.01427669     0.28661317   0.00000000     0.00000000   0.00143274
 -0.00696450   0.00000000     0.00000000  -0.00143274     0.25462150   0.00000000
    1    2
  0.02647712  -0.06392142     0.04951642   0.02051037     0.04861020  -0.11735542
  0.04951642   0.02051037     0.03061658  -0.07391495    -0.11675462  -0.04836135
  0.04861020  -0.11735542    -0.11675462  -0.04836135     0.02555820  -0.06170295
    2    1
  0.02647712   0.06392142     0.04951642  -0.02051037     0.04861020   0.11735542
  0.04951642  -0.02051037     0.03061658   0.07391495    -0.11675462   0.04836135
  0.04861020   0.11735542    -0.11675462   0.04836135     0.02555820   0.06170295
    2    2
  0.27915718   0.00000000     0.00000000  -0.01427669    -0.00696450   0.00000000
  0.00000000   0.01427669     0.28661317   0.00000000     0.00000000  -0.00143274
 -0.00696450   0.00000000     0.00000000   0.00143274     0.25462150   0.00000000

     Dynamical  Matrix in cartesian axes

     q = (   -0.750000000   0.000000000   0.500000000 ) 

    1    1
  0.27915718   0.00000000     0.00000000  -0.01427669    -0.00696450   0.00000000
  0.00000000   0.01427669     0.28661317   0.00000000     0.00000000  -0.00143274
 -0.00696450   0.00000000     0.00000000   0.00143274     0.25462150   0.00000000
    1    2
  0.02647712   0.06392142     0.04951642  -0.02051037     0.04861020   0.11735542
  0.04951642  -0.02051037     0.03061658   0.07391495    -0.11675462   0.04836135
  0.04861020   0.11735542    -0.11675462   0.04836135     0.02555820   0.06170295
    2    1
  0.02647712  -0.06392142     0.04951642   0.02051037     0.04861020  -0.11735542
  0.04951642   0.02051037     0.03061658  -0.07391495    -0.11675462  -0.04836135
  0.04861020  -0.11735542    -0.11675462  -0.04836135     0.02555820  -0.06170295
    2    2
  0.27915718   0.00000000     0.00000000   0.01427669    -0.00696450   0.00000000
  0.00000000  -0.01427669     0.28661317   0.00000000     0.00000000   0.00143274
 -0.00696450   0.00000000     0.00000000  -0.00143274     0.25462150   0.00000000

     Dynamical  Matrix in cartesian axes

     q = (   -0.500000000   0.000000000  -0.750000000 ) 

    1    1
  0.25462150   0.00000000     0.00000000   0.00143274     0.00696450   0.00000000
  0.00000000  -0.00143274     0.28661317   0.00000000    -0.00000000  -0.01427669
  0.00696450   0.00000000    -0.00000000   0.01427669     0.27915718   0.00000000
    1    2
 -0.06170295  -0.02555820     0.04836135  -0.11675462     0.11735542   0.04861020
  0.04836135  -0.11675462    -0.07391495  -0.03061658     0.02051037  -0.04951642
  0.11735542   0.04861020     0.02051037  -0.04951642    -0.06392142  -0.02647712
    2    1
 -0.06170295   0.02555820     0.04836135   0.11675462     0.11735542  -0.04861020
  0.04836135   0.11675462    -0.07391495   0.03061658     0.02051037   0.04951642
  0.11735542  -0.04861020     0.02051037   0.04951642    -0.06392142   0.02647712
    2    2
  0.25462150   0.00000000     0.00000000  -0.00143274     0.00696450   0.00000000
  0.00000000   0.00143274     0.28661317   0.00000000     0.00000000   0.01427669
  0.00696450   0.00000000    -0.00000000  -0.01427669     0.27915718   0.00000000

     Dynamical  Matrix in cartesian axes

     q = (   -0.750000000   0.000000000  -0.500000000 ) 

    1    1
  0.27915718   0.00000000     0.00000000   0.01427669     0.00696450   0.00000000
  0.00000000  -0.01427669     0.28661317   0.00000000     0.00000000  -0.00143274
  0.00696450   0.00000000     0.00000000   0.00143274     0.25462150   0.00000000
    1    2
 -0.06392142   0.02647712    -0.02051037  -0.04951642     0.11735542  -0.04861020
 -0.02051037  -0.04951642    -0.07391495   0.03061658    -0.04836135  -0.11675462
  0.11735542  -0.04861020    -0.04836135  -0.11675462    -0.06170295   0.02555820
    2    1
 -0.06392142  -0.02647712    -0.02051037   0.04951642     0.11735542   0.04861020
 -0.02051037   0.04951642    -0.07391495  -0.03061658    -0.04836135   0.11675462
  0.11735542   0.04861020    -0.04836135   0.11675462    -0.06170295  -0.02555820
    2    2
  0.27915718   0.00000000     0.00000000  -0.01427669     0.00696450   0.00000000
  0.00000000   0.01427669     0.28661317   0.00000000     0.00000000   0.00143274
  0.00696450   0.00000000     0.00000000  -0.00143274     0.25462150   0.00000000

     Dynamical  Matrix in cartesian axes

     q = (   -0.500000000   0.000000000   0.750000000 ) 

    1    1
  0.25462150   0.00000000     0.00000000  -0.00143274    -0.00696450   0.00000000
 -0.00000000   0.00143274     0.28661317   0.00000000     0.00000000  -0.01427669
 -0.00696450   0.00000000     0.00000000   0.01427669     0.27915718   0.00000000
    1    2
  0.02555820   0.06170295     0.11675462  -0.04836135     0.04861020   0.11735542
  0.11675462  -0.04836135     0.03061658   0.07391495    -0.04951642   0.02051037
  0.04861020   0.11735542    -0.04951642   0.02051037     0.02647712   0.06392142
    2    1
  0.02555820  -0.06170295     0.11675462   0.04836135     0.04861020  -0.11735542
  0.11675462   0.04836135     0.03061658  -0.07391495    -0.04951642  -0.02051037
  0.04861020  -0.11735542    -0.04951642  -0.02051037     0.02647712  -0.06392142
    2    2
  0.25462150   0.00000000     0.00000000   0.00143274    -0.00696450   0.00000000
 -0.00000000  -0.00143274     0.28661317   0.00000000     0.00000000   0.01427669
 -0.00696450   0.00000000     0.00000000  -0.01427669     0.27915718   0.00000000

     Dynamical  Matrix in cartesian axes

     q = (    0.000000000   0.750000000   0.500000000 ) 

    1    1
  0.28661317   0.00000000     0.00000000   0.01427669    -0.00000000   0.00143274
  0.00000000  -0.01427669     0.27915718   0.00000000     0.00696450   0.00000000
  0.00000000  -0.00143274     0.00696450   0.00000000     0.25462150   0.00000000
    1    2
  0.03061658   0.07391495     0.04951642  -0.02051037     0.11675462  -0.04836135
  0.04951642  -0.02051037     0.02647712   0.06392142    -0.04861020  -0.11735542
  0.11675462  -0.04836135    -0.04861020  -0.11735542     0.02555820   0.06170295
    2    1
  0.03061658  -0.07391495     0.04951642   0.02051037     0.11675462   0.04836135
  0.04951642   0.02051037     0.02647712  -0.06392142    -0.04861020   0.11735542
  0.11675462   0.04836135    -0.04861020   0.11735542     0.02555820  -0.06170295
    2    2
  0.28661317   0.00000000     0.00000000  -0.01427669    -0.00000000  -0.00143274
  0.00000000   0.01427669     0.27915718   0.00000000     0.00696450  -0.00000000
  0.00000000   0.00143274     0.00696450  -0.00000000     0.25462150   0.00000000

     Dynamical  Matrix in cartesian axes

     q = (    0.000000000   0.750000000  -0.500000000 ) 

    1    1
  0.28661317   0.00000000     0.00000000  -0.01427669     0.00000000   0.00143274
  0.00000000   0.01427669     0.27915718   0.00000000    -0.00696450  -0.00000000
  0.00000000  -0.00143274    -0.00696450  -0.00000000     0.25462150   0.00000000
    1    2
 -0.07391495   0.03061658    -0.02051037  -0.04951642     0.04836135   0.11675462
 -0.02051037  -0.04951642    -0.06392142   0.02647712    -0.11735542   0.04861020
  0.04836135   0.11675462    -0.11735542   0.04861020    -0.06170295   0.02555820
    2    1
 -0.07391495  -0.03061658    -0.02051037   0.04951642     0.04836135  -0.11675462
 -0.02051037   0.04951642    -0.06392142  -0.02647712    -0.11735542  -0.04861020
  0.04836135  -0.11675462    -0.11735542  -0.04861020    -0.06170295  -0.02555820
    2    2
  0.28661317   0.00000000     0.00000000   0.01427669     0.00000000  -0.00143274
  0.00000000  -0.01427669     0.27915718   0.00000000    -0.00696450   0.00000000
  0.00000000   0.00143274    -0.00696450   0.00000000     0.25462150   0.00000000

     Dynamical  Matrix in cartesian axes

     q = (    0.000000000  -0.750000000  -0.500000000 ) 

    1    1
  0.28661317   0.00000000     0.00000000  -0.01427669    -0.00000000  -0.00143274
  0.00000000   0.01427669     0.27915718   0.00000000     0.00696450  -0.00000000
  0.00000000   0.00143274     0.00696450  -0.00000000     0.25462150   0.00000000
    1    2
  0.03061658  -0.07391495     0.04951642   0.02051037     0.11675462   0.04836135
  0.04951642   0.02051037     0.02647712  -0.06392142    -0.04861020   0.11735542
  0.11675462   0.04836135    -0.04861020   0.11735542     0.02555820  -0.06170295
    2    1
  0.03061658   0.07391495     0.04951642  -0.02051037     0.11675462  -0.04836135
  0.04951642  -0.02051037     0.02647712   0.06392142    -0.04861020  -0.11735542
  0.11675462  -0.04836135    -0.04861020  -0.11735542     0.02555820   0.06170295
    2    2
  0.28661317   0.00000000     0.00000000   0.01427669    -0.00000000   0.00143274
  0.00000000  -0.01427669     0.27915718   0.00000000     0.00696450   0.00000000
  0.00000000  -0.00143274     0.00696450   0.00000000     0.25462150   0.00000000

     Dynamical  Matrix in cartesian axes

     q = (    0.000000000   0.500000000  -0.750000000 ) 

    1    1
  0.28661317   0.00000000     0.00000000  -0.00143274     0.00000000   0.01427669
  0.00000000   0.00143274     0.25462150   0.00000000    -0.00696450  -0.00000000
  0.00000000  -0.01427669    -0.00696450  -0.00000000     0.27915718   0.00000000
    1    2
 -0.07391495  -0.03061658     0.04836135  -0.11675462    -0.02051037   0.04951642
  0.04836135  -0.11675462    -0.06170295  -0.02555820    -0.11735542  -0.04861020
 -0.02051037   0.04951642    -0.11735542  -0.04861020    -0.06392142  -0.02647712
    2    1
 -0.07391495   0.03061658     0.04836135   0.11675462    -0.02051037  -0.04951642
  0.04836135   0.11675462    -0.06170295   0.02555820    -0.11735542   0.04861020
 -0.02051037  -0.04951642    -0.11735542   0.04861020    -0.06392142   0.02647712
    2    2
  0.28661317   0.00000000     0.00000000   0.00143274     0.00000000  -0.01427669
  0.00000000  -0.00143274     0.25462150   0.00000000    -0.00696450   0.00000000
  0.00000000   0.01427669    -0.00696450   0.00000000     0.27915718   0.00000000

     Dynamical  Matrix in cartesian axes

     q = (    0.750000000   0.500000000   0.000000000 ) 

    1    1
  0.27915718   0.00000000     0.00696450   0.00000000     0.00000000  -0.01427669
  0.00696450   0.00000000     0.25462150   0.00000000     0.00000000  -0.00143274
  0.00000000   0.01427669     0.00000000   0.00143274     0.28661317   0.00000000
    1    2
 -0.06392142  -0.02647712     0.11735542   0.04861020    -0.02051037   0.04951642
  0.11735542   0.04861020    -0.06170295  -0.02555820    -0.04836135   0.11675462
 -0.02051037   0.04951642    -0.04836135   0.11675462    -0.07391495  -0.03061658
    2    1
 -0.06392142   0.02647712     0.11735542  -0.04861020    -0.02051037  -0.04951642
  0.11735542  -0.04861020    -0.06170295   0.02555820    -0.04836135  -0.11675462
 -0.02051037  -0.04951642    -0.04836135  -0.11675462    -0.07391495   0.03061658
    2    2
  0.27915718   0.00000000     0.00696450   0.00000000     0.00000000   0.01427669
  0.00696450   0.00000000     0.25462150   0.00000000     0.00000000   0.00143274
  0.00000000  -0.01427669     0.00000000  -0.00143274     0.28661317   0.00000000

     Dynamical  Matrix in cartesian axes

     q = (   -0.750000000  -0.500000000   0.000000000 ) 

    1    1
  0.27915718   0.00000000     0.00696450   0.00000000     0.00000000   0.01427669
  0.00696450   0.00000000     0.25462150   0.00000000     0.00000000   0.00143274
  0.00000000  -0.01427669     0.00000000  -0.00143274     0.28661317   0.00000000
    1    2
 -0.06392142   0.02647712     0.11735542  -0.04861020    -0.02051037  -0.04951642
  0.11735542  -0.04861020    -0.06170295   0.02555820    -0.04836135  -0.11675462
 -0.02051037  -0.04951642    -0.04836135  -0.11675462    -0.07391495   0.03061658
    2    1
 -0.06392142  -0.02647712     0.11735542   0.04861020    -0.02051037   0.04951642
  0.11735542   0.04861020    -0.06170295  -0.02555820    -0.04836135   0.11675462
 -0.02051037   0.04951642    -0.04836135   0.11675462    -0.07391495  -0.03061658
    2    2
  0.27915718   0.00000000     0.00696450   0.00000000     0.00000000  -0.01427669
  0.00696450   0.00000000     0.25462150   0.00000000     0.00000000  -0.00143274
  0.00000000   0.01427669     0.00000000   0.00143274     0.28661317   0.00000000

     Dynamical  Matrix in cartesian axes

     q = (   -0.750000000   0.500000000   0.000000000 ) 

    1    1
  0.27915718  -0.00000000    -0.00696450   0.00000000     0.00000000  -0.01427669
 -0.00696450   0.00000000     0.25462150  -0.00000000     0.00000000   0.00143274
  0.00000000   0.01427669     0.00000000  -0.00143274     0.28661317  -0.00000000
    1    2
  0.02647712   0.06392142     0.04861020   0.11735542     0.04951642  -0.02051037
  0.04861020   0.11735542     0.02555820   0.06170295    -0.11675462   0.04836135
  0.04951642  -0.02051037    -0.11675462   0.04836135     0.03061658   0.07391495
    2    1
  0.02647712  -0.06392142     0.04861020  -0.11735542     0.04951642   0.02051037
  0.04861020  -0.11735542     0.02555820  -0.06170295    -0.11675462  -0.04836135
  0.04951642   0.02051037    -0.11675462  -0.04836135     0.03061658  -0.07391495
    2    2
  0.27915718  -0.00000000    -0.00696450   0.00000000     0.00000000   0.01427669
 -0.00696450   0.00000000     0.25462150  -0.00000000     0.00000000  -0.00143274
  0.00000000  -0.01427669     0.00000000   0.00143274     0.28661317  -0.00000000

     Dynamical  Matrix in cartesian axes

     q = (    0.000000000  -0.500000000   0.750000000 ) 

    1    1
  0.28661317   0.00000000     0.00000000   0.00143274     0.00000000  -0.01427669
  0.00000000  -0.00143274     0.25462150   0.00000000    -0.00696450   0.00000000
  0.00000000   0.01427669    -0.00696450   0.00000000     0.27915718   0.00000000
    1    2
 -0.07391495   0.03061658     0.04836135   0.11675462    -0.02051037  -0.04951642
  0.04836135   0.11675462    -0.06170295   0.02555820    -0.11735542   0.04861020
 -0.02051037  -0.04951642    -0.11735542   0.04861020    -0.06392142   0.02647712
    2    1
 -0.07391495  -0.03061658     0.04836135  -0.11675462    -0.02051037   0.04951642
  0.04836135  -0.11675462    -0.06170295  -0.02555820    -0.11735542  -0.04861020
 -0.02051037   0.04951642    -0.11735542  -0.04861020    -0.06392142  -0.02647712
    2    2
  0.28661317   0.00000000     0.00000000  -0.00143274     0.00000000   0.01427669
  0.00000000   0.00143274     0.25462150   0.00000000    -0.00696450  -0.00000000
  0.00000000  -0.01427669    -0.00696450  -0.00000000     0.27915718   0.00000000

     Dynamical  Matrix in cartesian axes

     q = (    0.000000000  -0.750000000   0.500000000 ) 

    1    1
  0.28661317   0.00000000     0.00000000   0.01427669     0.00000000  -0.00143274
  0.00000000  -0.01427669     0.27915718   0.00000000    -0.00696450   0.00000000
  0.00000000   0.00143274    -0.00696450   0.00000000     0.25462150   0.00000000
    1    2
 -0.07391495  -0.03061658    -0.02051037   0.04951642     0.04836135  -0.11675462
 -0.02051037   0.04951642    -0.06392142  -0.02647712    -0.11735542  -0.04861020
  0.04836135  -0.11675462    -0.11735542  -0.04861020    -0.06170295  -0.02555820
    2    1
 -0.07391495   0.03061658    -0.02051037  -0.04951642     0.04836135   0.11675462
 -0.02051037  -0.04951642    -0.06392142   0.02647712    -0.11735542   0.04861020
  0.04836135   0.11675462    -0.11735542   0.04861020    -0.06170295   0.02555820
    2    2
  0.28661317   0.00000000     0.00000000  -0.01427669     0.00000000   0.00143274
  0.00000000   0.01427669     0.27915718   0.00000000    -0.00696450  -0.00000000
  0.00000000  -0.00143274    -0.00696450  -0.00000000     0.25462150   0.00000000

     Dynamical  Matrix in cartesian axes

     q = (    0.500000000  -0.750000000   0.000000000 ) 

    1    1
  0.25462150  -0.00000000    -0.00696450   0.00000000     0.00000000   0.00143274
 -0.00696450   0.00000000     0.27915718  -0.00000000     0.00000000  -0.01427669
 -0.00000000  -0.00143274     0.00000000   0.01427669     0.28661317  -0.00000000
    1    2
  0.02555820  -0.06170295     0.04861020  -0.11735542     0.11675462   0.04836135
  0.04861020  -0.11735542     0.02647712  -0.06392142    -0.04951642  -0.02051037
  0.11675462   0.04836135    -0.04951642  -0.02051037     0.03061658  -0.07391495
    2    1
  0.02555820   0.06170295     0.04861020   0.11735542     0.11675462  -0.04836135
  0.04861020   0.11735542     0.02647712   0.06392142    -0.04951642   0.02051037
  0.11675462  -0.04836135    -0.04951642   0.02051037     0.03061658   0.07391495
    2    2
  0.25462150  -0.00000000    -0.00696450   0.00000000     0.00000000  -0.00143274
 -0.00696450   0.00000000     0.27915718  -0.00000000     0.00000000   0.01427669
 -0.00000000   0.00143274     0.00000000  -0.01427669     0.28661317  -0.00000000

     Dynamical  Matrix in cartesian axes

     q = (    0.000000000   0.500000000   0.750000000 ) 

    1    1
  0.28661317   0.00000000    -0.00000000   0.00143274     0.00000000   0.01427669
  0.00000000  -0.00143274     0.25462150   0.00000000     0.00696450   0.00000000
  0.00000000  -0.01427669     0.00696450   0.00000000     0.27915718   0.00000000
    1    2
  0.03061658   0.07391495     0.11675462  -0.04836135     0.04951642  -0.02051037
  0.11675462  -0.04836135     0.02555820   0.06170295    -0.04861020  -0.11735542
  0.04951642  -0.02051037    -0.04861020  -0.11735542     0.02647712   0.06392142
    2    1
  0.03061658  -0.07391495     0.11675462   0.04836135     0.04951642   0.02051037
  0.11675462   0.04836135     0.02555820  -0.06170295    -0.04861020   0.11735542
  0.04951642   0.02051037    -0.04861020   0.11735542     0.02647712  -0.06392142
    2    2
  0.28661317   0.00000000    -0.00000000  -0.00143274     0.00000000  -0.01427669
  0.00000000   0.00143274     0.25462150   0.00000000     0.00696450  -0.00000000
  0.00000000   0.01427669     0.00696450  -0.00000000     0.27915718   0.00000000

     Dynamical  Matrix in cartesian axes

     q = (    0.000000000  -0.500000000  -0.750000000 ) 

    1    1
  0.28661317   0.00000000    -0.00000000  -0.00143274     0.00000000  -0.01427669
  0.00000000   0.00143274     0.25462150   0.00000000     0.00696450  -0.00000000
  0.00000000   0.01427669     0.00696450  -0.00000000     0.27915718   0.00000000
    1    2
  0.03061658  -0.07391495     0.11675462   0.04836135     0.04951642   0.02051037
  0.11675462   0.04836135     0.02555820  -0.06170295    -0.04861020   0.11735542
  0.04951642   0.02051037    -0.04861020   0.11735542     0.02647712  -0.06392142
    2    1
  0.03061658   0.07391495     0.11675462  -0.04836135     0.04951642  -0.02051037
  0.11675462  -0.04836135     0.02555820   0.06170295    -0.04861020  -0.11735542
  0.04951642  -0.02051037    -0.04861020  -0.11735542     0.02647712   0.06392142
    2    2
  0.28661317   0.00000000    -0.00000000   0.00143274     0.00000000   0.01427669
  0.00000000  -0.00143274     0.25462150   0.00000000     0.00696450   0.00000000
  0.00000000  -0.01427669     0.00696450   0.00000000     0.27915718   0.00000000

     Dynamical  Matrix in cartesian axes

     q = (   -0.500000000  -0.750000000   0.000000000 ) 

    1    1
  0.25462150   0.00000000     0.00696450   0.00000000     0.00000000   0.00143274
  0.00696450   0.00000000     0.27915718   0.00000000    -0.00000000   0.01427669
  0.00000000  -0.00143274    -0.00000000  -0.01427669     0.28661317   0.00000000
    1    2
 -0.06170295  -0.02555820     0.11735542   0.04861020     0.04836135  -0.11675462
  0.11735542   0.04861020    -0.06392142  -0.02647712     0.02051037  -0.04951642
  0.04836135  -0.11675462     0.02051037  -0.04951642    -0.07391495  -0.03061658
    2    1
 -0.06170295   0.02555820     0.11735542  -0.04861020     0.04836135   0.11675462
  0.11735542  -0.04861020    -0.06392142   0.02647712     0.02051037   0.04951642
  0.04836135   0.11675462     0.02051037   0.04951642    -0.07391495   0.03061658
    2    2
  0.25462150   0.00000000     0.00696450   0.00000000     0.00000000  -0.00143274
  0.00696450   0.00000000     0.27915718   0.00000000    -0.00000000  -0.01427669
  0.00000000   0.00143274    -0.00000000   0.01427669     0.28661317   0.00000000

     Dynamical  Matrix in cartesian axes

     q = (    0.750000000  -0.500000000   0.000000000 ) 

    1    1
  0.27915718  -0.00000000    -0.00696450   0.00000000     0.00000000   0.01427669
 -0.00696450   0.00000000     0.25462150  -0.00000000     0.00000000  -0.00143274
  0.00000000  -0.01427669     0.00000000   0.00143274     0.28661317  -0.00000000
    1    2
  0.02647712  -0.06392142     0.04861020  -0.11735542     0.04951642   0.02051037
  0.04861020  -0.11735542     0.02555820  -0.06170295    -0.11675462  -0.04836135
  0.04951642   0.02051037    -0.11675462  -0.04836135     0.03061658  -0.07391495
    2    1
  0.02647712   0.06392142     0.04861020   0.11735542     0.04951642  -0.02051037
  0.04861020   0.11735542     0.02555820   0.06170295    -0.11675462   0.04836135
  0.04951642  -0.02051037    -0.11675462   0.04836135     0.03061658   0.07391495
    2    2
  0.27915718  -0.00000000    -0.00696450   0.00000000     0.00000000  -0.01427669
 -0.00696450   0.00000000     0.25462150  -0.00000000     0.00000000   0.00143274
  0.00000000   0.01427669     0.00000000  -0.00143274     0.28661317  -0.00000000

     Dynamical  Matrix in cartesian axes

     q = (    0.500000000   0.750000000   0.000000000 ) 

    1    1
  0.25462150   0.00000000     0.00696450   0.00000000     0.00000000  -0.00143274
  0.00696450   0.00000000     0.27915718   0.00000000    -0.00000000  -0.01427669
  0.00000000   0.00143274    -0.00000000   0.01427669     0.28661317   0.00000000
    1    2
 -0.06170295   0.02555820     0.11735542  -0.04861020     0.04836135   0.11675462
  0.11735542  -0.04861020    -0.06392142   0.02647712     0.02051037   0.04951642
  0.04836135   0.11675462     0.02051037   0.04951642    -0.07391495   0.03061658
    2    1
 -0.06170295  -0.02555820     0.11735542   0.04861020     0.04836135  -0.11675462
  0.11735542   0.04861020    -0.06392142  -0.02647712     0.02051037  -0.04951642
  0.04836135  -0.11675462     0.02051037  -0.04951642    -0.07391495  -0.03061658
    2    2
  0.25462150   0.00000000     0.00696450   0.00000000     0.00000000   0.00143274
  0.00696450   0.00000000     0.27915718   0.00000000    -0.00000000   0.01427669
  0.00000000  -0.00143274    -0.00000000  -0.01427669     0.28661317   0.00000000

     Dynamical  Matrix in cartesian axes

     q = (   -0.500000000   0.750000000   0.000000000 ) 

    1    1
  0.25462150  -0.00000000    -0.00696450   0.00000000     0.00000000  -0.00143274
 -0.00696450   0.00000000     0.27915718  -0.00000000     0.00000000   0.01427669
 -0.00000000   0.00143274     0.00000000  -0.01427669     0.28661317  -0.00000000
    1    2
  0.02555820   0.06170295     0.04861020   0.11735542     0.11675462  -0.04836135
  0.04861020   0.11735542     0.02647712   0.06392142    -0.04951642   0.02051037
  0.11675462  -0.04836135    -0.04951642   0.02051037     0.03061658   0.07391495
    2    1
  0.02555820  -0.06170295     0.04861020  -0.11735542     0.11675462   0.04836135
  0.04861020  -0.11735542     0.02647712  -0.06392142    -0.04951642  -0.02051037
  0.11675462   0.04836135    -0.04951642  -0.02051037     0.03061658  -0.07391495
    2    2
  0.25462150  -0.00000000    -0.00696450   0.00000000     0.00000000   0.00143274
 -0.00696450   0.00000000     0.27915718  -0.00000000     0.00000000  -0.01427669
 -0.00000000  -0.00143274     0.00000000   0.01427669     0.28661317  -0.00000000

     Diagonalizing the dynamical matrix

     q = (    0.500000000   0.000000000   0.750000000 ) 

 **************************************************************************
     freq (    1) =       4.823212 [THz] =     160.885024 [cm-1]
 (  0.511114 -0.211710 -0.051912 -0.125327 -0.387082  0.160335 ) 
 (  0.553225  0.000000  0.000000  0.135653 -0.418975  0.000000 ) 
     freq (    2) =       6.057754 [THz] =     202.064932 [cm-1]
 (  0.377455 -0.156347  0.196272  0.473841  0.244496 -0.101274 ) 
 ( -0.408555 -0.000000  0.000000  0.512882 -0.264641  0.000000 ) 
     freq (    3) =       9.619091 [THz] =     320.858334 [cm-1]
 ( -0.238200  0.098666  0.170529  0.411694 -0.447823  0.185494 ) 
 ( -0.257826  0.000000 -0.000000 -0.445615 -0.484720  0.000000 ) 
     freq (    4) =      11.628767 [THz] =     387.893922 [cm-1]
 ( -0.241506  0.100035  0.173555  0.418999 -0.439194  0.181920 ) 
 (  0.261404 -0.000000  0.000000  0.453521  0.475380  0.000000 ) 
     freq (    5) =      14.092677 [THz] =     470.081091 [cm-1]
 (  0.475373 -0.196906 -0.067672 -0.163374 -0.417261  0.172835 ) 
 ( -0.514540  0.000000  0.000000 -0.176834  0.451640  0.000000 ) 
     freq (    6) =      14.401716 [THz] =     480.389553 [cm-1]
 (  0.329849 -0.136628  0.203588  0.491505  0.276404 -0.114490 ) 
 (  0.357025 -0.000000 -0.000000 -0.532002  0.299178  0.000000 ) 
 **************************************************************************
