Dynamical matrix file
default                                                                    
  1    2   2  10.2273000   0.0000000   0.0000000   0.0000000   0.0000000   0.0000000
           1  'Si  '    25598.3672898282     
    1    1     -0.2500000000      0.2500000000      0.2500000000
    2    1     -0.5000000000      0.5000000000      0.5000000000

     Dynamical  Matrix in cartesian axes

     q = (    0.875000000  -0.125000000   0.875000000 ) 

    1    1
  0.25126225   0.00000000    -0.00156317  -0.00653791     0.00229582   0.00000000
 -0.00156317   0.00653791     0.33843536   0.00000000    -0.00156317   0.00653791
  0.00229582   0.00000000    -0.00156317  -0.00653791     0.25126225   0.00000000
    1    2
 -0.01907806   0.04395895    -0.01330387   0.03050295     0.19342257   0.03591273
 -0.01330387   0.03050295    -0.02951840   0.04617289    -0.01330387   0.03050295
  0.19342257   0.03591273    -0.01330387   0.03050295    -0.01907806   0.04395895
    2    1
 -0.01907806  -0.04395895    -0.01330387  -0.03050295     0.19342257  -0.03591273
 -0.01330387  -0.03050295    -0.02951840  -0.04617289    -0.01330387  -0.03050295
  0.19342257  -0.03591273    -0.01330387  -0.03050295    -0.01907806  -0.04395895
    2    2
  0.25126225   0.00000000    -0.00156317   0.00653791     0.00229582   0.00000000
 -0.00156317  -0.00653791     0.33843536   0.00000000    -0.00156317  -0.00653791
  0.00229582   0.00000000    -0.00156317   0.00653791     0.25126225   0.00000000

     Dynamical  Matrix in cartesian axes

     q = (   -0.875000000  -0.125000000   0.875000000 ) 

    1    1
  0.25126225   0.00000000     0.00156317  -0.00653791    -0.00229582   0.00000000
  0.00156317   0.00653791     0.33843536   0.00000000    -0.00156317  -0.00653791
 -0.00229582   0.00000000    -0.00156317   0.00653791     0.25126225   0.00000000
    1    2
 -0.01759345   0.04457390     0.01216159  -0.03097610     0.16216455   0.11137627
  0.01216159  -0.03097610    -0.01177650   0.05352183    -0.01216159   0.03097610
  0.16216455   0.11137627    -0.01216159   0.03097610    -0.01759345   0.04457390
    2    1
 -0.01759345  -0.04457390     0.01216159   0.03097610     0.16216455  -0.11137627
  0.01216159   0.03097610    -0.01177650  -0.05352183    -0.01216159  -0.03097610
  0.16216455  -0.11137627    -0.01216159  -0.03097610    -0.01759345  -0.04457390
    2    2
  0.25126225   0.00000000     0.00156317   0.00653791    -0.00229582   0.00000000
  0.00156317  -0.00653791     0.33843536   0.00000000    -0.00156317   0.00653791
 -0.00229582   0.00000000    -0.00156317  -0.00653791     0.25126225   0.00000000

     Dynamical  Matrix in cartesian axes

     q = (   -0.875000000  -0.125000000  -0.875000000 ) 

    1    1
  0.25126225   0.00000000     0.00156317   0.00653791     0.00229582   0.00000000
  0.00156317  -0.00653791     0.33843536   0.00000000     0.00156317  -0.00653791
  0.00229582   0.00000000     0.00156317   0.00653791     0.25126225   0.00000000
    1    2
 -0.01907806   0.04395895     0.01330387  -0.03050295     0.19342257   0.03591273
  0.01330387  -0.03050295    -0.02951840   0.04617289     0.01330387  -0.03050295
  0.19342257   0.03591273     0.01330387  -0.03050295    -0.01907806   0.04395895
    2    1
 -0.01907806  -0.04395895     0.01330387   0.03050295     0.19342257  -0.03591273
  0.01330387   0.03050295    -0.02951840  -0.04617289     0.01330387   0.03050295
  0.19342257  -0.03591273     0.01330387   0.03050295    -0.01907806  -0.04395895
    2    2
  0.25126225   0.00000000     0.00156317  -0.00653791     0.00229582   0.00000000
  0.00156317   0.00653791     0.33843536   0.00000000     0.00156317   0.00653791
  0.00229582   0.00000000     0.00156317  -0.00653791     0.25126225   0.00000000

     Dynamical  Matrix in cartesian axes

     q = (    0.875000000  -0.125000000  -0.875000000 ) 

    1    1
  0.25126225   0.00000000    -0.00156317   0.00653791    -0.00229582   0.00000000
 -0.00156317  -0.00653791     0.33843536   0.00000000     0.00156317   0.00653791
 -0.00229582   0.00000000     0.00156317  -0.00653791     0.25126225   0.00000000
    1    2
  0.01907806   0.04395895     0.01330387   0.03050295     0.19342257  -0.03591273
  0.01330387   0.03050295     0.02951840   0.04617289    -0.01330387  -0.03050295
  0.19342257  -0.03591273    -0.01330387  -0.03050295     0.01907806   0.04395895
    2    1
  0.01907806  -0.04395895     0.01330387  -0.03050295     0.19342257   0.03591273
  0.01330387  -0.03050295     0.02951840  -0.04617289    -0.01330387   0.03050295
  0.19342257   0.03591273    -0.01330387   0.03050295     0.01907806  -0.04395895
    2    2
  0.25126225   0.00000000    -0.00156317  -0.00653791    -0.00229582   0.00000000
 -0.00156317   0.00653791     0.33843536   0.00000000     0.00156317  -0.00653791
 -0.00229582   0.00000000     0.00156317   0.00653791     0.25126225   0.00000000

     Dynamical  Matrix in cartesian axes

     q = (   -0.875000000   0.125000000  -0.875000000 ) 

    1    1
  0.25126225   0.00000000    -0.00156317   0.00653791     0.00229582   0.00000000
 -0.00156317  -0.00653791     0.33843536   0.00000000    -0.00156317  -0.00653791
  0.00229582   0.00000000    -0.00156317   0.00653791     0.25126225   0.00000000
    1    2
 -0.01907806  -0.04395895    -0.01330387  -0.03050295     0.19342257  -0.03591273
 -0.01330387  -0.03050295    -0.02951840  -0.04617289    -0.01330387  -0.03050295
  0.19342257  -0.03591273    -0.01330387  -0.03050295    -0.01907806  -0.04395895
    2    1
 -0.01907806   0.04395895    -0.01330387   0.03050295     0.19342257   0.03591273
 -0.01330387   0.03050295    -0.02951840   0.04617289    -0.01330387   0.03050295
  0.19342257   0.03591273    -0.01330387   0.03050295    -0.01907806   0.04395895
    2    2
  0.25126225   0.00000000    -0.00156317  -0.00653791     0.00229582   0.00000000
 -0.00156317   0.00653791     0.33843536   0.00000000    -0.00156317   0.00653791
  0.00229582   0.00000000    -0.00156317  -0.00653791     0.25126225   0.00000000

     Dynamical  Matrix in cartesian axes

     q = (   -0.125000000   0.875000000  -0.875000000 ) 

    1    1
  0.33843536   0.00000000    -0.00156317  -0.00653791     0.00156317   0.00653791
 -0.00156317   0.00653791     0.25126225   0.00000000    -0.00229582   0.00000000
  0.00156317  -0.00653791    -0.00229582   0.00000000     0.25126225   0.00000000
    1    2
 -0.02951840  -0.04617289    -0.01330387  -0.03050295     0.01330387   0.03050295
 -0.01330387  -0.03050295    -0.01907806  -0.04395895    -0.19342257   0.03591273
  0.01330387   0.03050295    -0.19342257   0.03591273    -0.01907806  -0.04395895
    2    1
 -0.02951840   0.04617289    -0.01330387   0.03050295     0.01330387  -0.03050295
 -0.01330387   0.03050295    -0.01907806   0.04395895    -0.19342257  -0.03591273
  0.01330387  -0.03050295    -0.19342257  -0.03591273    -0.01907806   0.04395895
    2    2
  0.33843536   0.00000000    -0.00156317   0.00653791     0.00156317  -0.00653791
 -0.00156317  -0.00653791     0.25126225   0.00000000    -0.00229582   0.00000000
  0.00156317   0.00653791    -0.00229582   0.00000000     0.25126225   0.00000000

     Dynamical  Matrix in cartesian axes

     q = (   -0.875000000   0.875000000  -0.125000000 ) 

    1    1
  0.25126225   0.00000000    -0.00229582   0.00000000     0.00156317  -0.00653791
 -0.00229582   0.00000000     0.25126225   0.00000000    -0.00156317   0.00653791
  0.00156317   0.00653791    -0.00156317  -0.00653791     0.33843536   0.00000000
    1    2
 -0.01759345   0.04457390     0.16216455   0.11137627     0.01216159  -0.03097610
  0.16216455   0.11137627    -0.01759345   0.04457390    -0.01216159   0.03097610
  0.01216159  -0.03097610    -0.01216159   0.03097610    -0.01177650   0.05352183
    2    1
 -0.01759345  -0.04457390     0.16216455  -0.11137627     0.01216159   0.03097610
  0.16216455  -0.11137627    -0.01759345  -0.04457390    -0.01216159  -0.03097610
  0.01216159   0.03097610    -0.01216159  -0.03097610    -0.01177650  -0.05352183
    2    2
  0.25126225   0.00000000    -0.00229582   0.00000000     0.00156317   0.00653791
 -0.00229582   0.00000000     0.25126225   0.00000000    -0.00156317  -0.00653791
  0.00156317  -0.00653791    -0.00156317   0.00653791     0.33843536   0.00000000

     Dynamical  Matrix in cartesian axes

     q = (    0.875000000   0.125000000   0.875000000 ) 

    1    1
  0.25126225   0.00000000     0.00156317  -0.00653791     0.00229582   0.00000000
  0.00156317   0.00653791     0.33843536   0.00000000     0.00156317   0.00653791
  0.00229582   0.00000000     0.00156317  -0.00653791     0.25126225   0.00000000
    1    2
 -0.01907806  -0.04395895     0.01330387   0.03050295     0.19342257  -0.03591273
  0.01330387   0.03050295    -0.02951840  -0.04617289     0.01330387   0.03050295
  0.19342257  -0.03591273     0.01330387   0.03050295    -0.01907806  -0.04395895
    2    1
 -0.01907806   0.04395895     0.01330387  -0.03050295     0.19342257   0.03591273
  0.01330387  -0.03050295    -0.02951840   0.04617289     0.01330387  -0.03050295
  0.19342257   0.03591273     0.01330387  -0.03050295    -0.01907806   0.04395895
    2    2
  0.25126225   0.00000000     0.00156317   0.00653791     0.00229582   0.00000000
  0.00156317  -0.00653791     0.33843536   0.00000000     0.00156317  -0.00653791
  0.00229582   0.00000000     0.00156317   0.00653791     0.25126225   0.00000000

     Dynamical  Matrix in cartesian axes

     q = (   -0.875000000   0.125000000   0.875000000 ) 

    1    1
  0.25126225   0.00000000    -0.00156317  -0.00653791    -0.00229582   0.00000000
 -0.00156317   0.00653791     0.33843536   0.00000000     0.00156317  -0.00653791
 -0.00229582   0.00000000     0.00156317   0.00653791     0.25126225   0.00000000
    1    2
  0.01907806  -0.04395895     0.01330387  -0.03050295     0.19342257   0.03591273
  0.01330387  -0.03050295     0.02951840  -0.04617289    -0.01330387   0.03050295
  0.19342257   0.03591273    -0.01330387   0.03050295     0.01907806  -0.04395895
    2    1
  0.01907806   0.04395895     0.01330387   0.03050295     0.19342257  -0.03591273
  0.01330387   0.03050295     0.02951840   0.04617289    -0.01330387  -0.03050295
  0.19342257  -0.03591273    -0.01330387  -0.03050295     0.01907806   0.04395895
    2    2
  0.25126225   0.00000000    -0.00156317   0.00653791    -0.00229582   0.00000000
 -0.00156317  -0.00653791     0.33843536   0.00000000     0.00156317   0.00653791
 -0.00229582   0.00000000     0.00156317  -0.00653791     0.25126225   0.00000000

     Dynamical  Matrix in cartesian axes

     q = (    0.875000000   0.125000000  -0.875000000 ) 

    1    1
  0.25126225   0.00000000     0.00156317   0.00653791    -0.00229582   0.00000000
  0.00156317  -0.00653791     0.33843536   0.00000000    -0.00156317   0.00653791
 -0.00229582   0.00000000    -0.00156317  -0.00653791     0.25126225   0.00000000
    1    2
 -0.01759345  -0.04457390     0.01216159   0.03097610     0.16216455  -0.11137627
  0.01216159   0.03097610    -0.01177650  -0.05352183    -0.01216159  -0.03097610
  0.16216455  -0.11137627    -0.01216159  -0.03097610    -0.01759345  -0.04457390
    2    1
 -0.01759345   0.04457390     0.01216159  -0.03097610     0.16216455   0.11137627
  0.01216159  -0.03097610    -0.01177650   0.05352183    -0.01216159   0.03097610
  0.16216455   0.11137627    -0.01216159   0.03097610    -0.01759345   0.04457390
    2    2
  0.25126225   0.00000000     0.00156317  -0.00653791    -0.00229582   0.00000000
  0.00156317   0.00653791     0.33843536   0.00000000    -0.00156317  -0.00653791
 -0.00229582   0.00000000    -0.00156317   0.00653791     0.25126225   0.00000000

     Dynamical  Matrix in cartesian axes

     q = (   -0.875000000   0.875000000   0.125000000 ) 

    1    1
  0.25126225   0.00000000    -0.00229582   0.00000000    -0.00156317  -0.00653791
 -0.00229582   0.00000000     0.25126225   0.00000000     0.00156317   0.00653791
 -0.00156317   0.00653791     0.00156317  -0.00653791     0.33843536   0.00000000
    1    2
  0.01907806  -0.04395895     0.19342257   0.03591273     0.01330387  -0.03050295
  0.19342257   0.03591273     0.01907806  -0.04395895    -0.01330387   0.03050295
  0.01330387  -0.03050295    -0.01330387   0.03050295     0.02951840  -0.04617289
    2    1
  0.01907806   0.04395895     0.19342257  -0.03591273     0.01330387   0.03050295
  0.19342257  -0.03591273     0.01907806   0.04395895    -0.01330387  -0.03050295
  0.01330387   0.03050295    -0.01330387  -0.03050295     0.02951840   0.04617289
    2    2
  0.25126225   0.00000000    -0.00229582   0.00000000    -0.00156317   0.00653791
 -0.00229582   0.00000000     0.25126225   0.00000000     0.00156317  -0.00653791
 -0.00156317  -0.00653791     0.00156317   0.00653791     0.33843536   0.00000000

     Dynamical  Matrix in cartesian axes

     q = (   -0.125000000   0.875000000   0.875000000 ) 

    1    1
  0.33843536   0.00000000    -0.00156317   0.00653791    -0.00156317   0.00653791
 -0.00156317  -0.00653791     0.25126225   0.00000000     0.00229582   0.00000000
 -0.00156317  -0.00653791     0.00229582   0.00000000     0.25126225   0.00000000
    1    2
  0.02951840  -0.04617289     0.01330387  -0.03050295     0.01330387  -0.03050295
  0.01330387  -0.03050295     0.01907806  -0.04395895    -0.19342257  -0.03591273
  0.01330387  -0.03050295    -0.19342257  -0.03591273     0.01907806  -0.04395895
    2    1
  0.02951840   0.04617289     0.01330387   0.03050295     0.01330387   0.03050295
  0.01330387   0.03050295     0.01907806   0.04395895    -0.19342257   0.03591273
  0.01330387   0.03050295    -0.19342257   0.03591273     0.01907806   0.04395895
    2    2
  0.33843536   0.00000000    -0.00156317  -0.00653791    -0.00156317  -0.00653791
 -0.00156317   0.00653791     0.25126225   0.00000000     0.00229582   0.00000000
 -0.00156317   0.00653791     0.00229582   0.00000000     0.25126225   0.00000000

     Dynamical  Matrix in cartesian axes

     q = (    0.125000000   0.875000000  -0.875000000 ) 

    1    1
  0.33843536   0.00000000     0.00156317  -0.00653791    -0.00156317   0.00653791
  0.00156317   0.00653791     0.25126225   0.00000000    -0.00229582   0.00000000
 -0.00156317  -0.00653791    -0.00229582   0.00000000     0.25126225   0.00000000
    1    2
 -0.02951840   0.04617289     0.01330387  -0.03050295    -0.01330387   0.03050295
  0.01330387  -0.03050295    -0.01907806   0.04395895    -0.19342257  -0.03591273
 -0.01330387   0.03050295    -0.19342257  -0.03591273    -0.01907806   0.04395895
    2    1
 -0.02951840  -0.04617289     0.01330387   0.03050295    -0.01330387  -0.03050295
  0.01330387   0.03050295    -0.01907806  -0.04395895    -0.19342257   0.03591273
 -0.01330387  -0.03050295    -0.19342257   0.03591273    -0.01907806  -0.04395895
    2    2
  0.33843536   0.00000000     0.00156317   0.00653791    -0.00156317  -0.00653791
  0.00156317  -0.00653791     0.25126225   0.00000000    -0.00229582   0.00000000
 -0.00156317   0.00653791    -0.00229582   0.00000000     0.25126225   0.00000000

     Dynamical  Matrix in cartesian axes

     q = (   -0.125000000  -0.875000000  -0.875000000 ) 

    1    1
  0.33843536   0.00000000     0.00156317  -0.00653791     0.00156317  -0.00653791
  0.00156317   0.00653791     0.25126225   0.00000000     0.00229582   0.00000000
  0.00156317   0.00653791     0.00229582   0.00000000     0.25126225   0.00000000
    1    2
 -0.01177650  -0.05352183     0.01216159   0.03097610     0.01216159   0.03097610
  0.01216159   0.03097610    -0.01759345  -0.04457390    -0.16216455   0.11137627
  0.01216159   0.03097610    -0.16216455   0.11137627    -0.01759345  -0.04457390
    2    1
 -0.01177650   0.05352183     0.01216159  -0.03097610     0.01216159  -0.03097610
  0.01216159  -0.03097610    -0.01759345   0.04457390    -0.16216455  -0.11137627
  0.01216159  -0.03097610    -0.16216455  -0.11137627    -0.01759345   0.04457390
    2    2
  0.33843536   0.00000000     0.00156317   0.00653791     0.00156317   0.00653791
  0.00156317  -0.00653791     0.25126225   0.00000000     0.00229582   0.00000000
  0.00156317  -0.00653791     0.00229582   0.00000000     0.25126225   0.00000000

     Dynamical  Matrix in cartesian axes

     q = (    0.875000000   0.875000000  -0.125000000 ) 

    1    1
  0.25126225   0.00000000     0.00229582   0.00000000    -0.00156317  -0.00653791
  0.00229582   0.00000000     0.25126225   0.00000000    -0.00156317  -0.00653791
 -0.00156317   0.00653791    -0.00156317   0.00653791     0.33843536   0.00000000
    1    2
 -0.01907806   0.04395895     0.19342257   0.03591273    -0.01330387   0.03050295
  0.19342257   0.03591273    -0.01907806   0.04395895    -0.01330387   0.03050295
 -0.01330387   0.03050295    -0.01330387   0.03050295    -0.02951840   0.04617289
    2    1
 -0.01907806  -0.04395895     0.19342257  -0.03591273    -0.01330387  -0.03050295
  0.19342257  -0.03591273    -0.01907806  -0.04395895    -0.01330387  -0.03050295
 -0.01330387  -0.03050295    -0.01330387  -0.03050295    -0.02951840  -0.04617289
    2    2
  0.25126225   0.00000000     0.00229582   0.00000000    -0.00156317   0.00653791
  0.00229582   0.00000000     0.25126225   0.00000000    -0.00156317   0.00653791
 -0.00156317  -0.00653791    -0.00156317  -0.00653791     0.33843536   0.00000000

     Dynamical  Matrix in cartesian axes

     q = (   -0.875000000  -0.875000000  -0.125000000 ) 

    1    1
  0.25126225   0.00000000     0.00229582   0.00000000     0.00156317   0.00653791
  0.00229582   0.00000000     0.25126225   0.00000000     0.00156317   0.00653791
  0.00156317  -0.00653791     0.00156317  -0.00653791     0.33843536   0.00000000
    1    2
 -0.01907806   0.04395895     0.19342257   0.03591273     0.01330387  -0.03050295
  0.19342257   0.03591273    -0.01907806   0.04395895     0.01330387  -0.03050295
  0.01330387  -0.03050295     0.01330387  -0.03050295    -0.02951840   0.04617289
    2    1
 -0.01907806  -0.04395895     0.19342257  -0.03591273     0.01330387   0.03050295
  0.19342257  -0.03591273    -0.01907806  -0.04395895     0.01330387   0.03050295
  0.01330387   0.03050295     0.01330387   0.03050295    -0.02951840  -0.04617289
    2    2
  0.25126225   0.00000000     0.00229582   0.00000000     0.00156317  -0.00653791
  0.00229582   0.00000000     0.25126225   0.00000000     0.00156317  -0.00653791
  0.00156317   0.00653791     0.00156317   0.00653791     0.33843536   0.00000000

     Dynamical  Matrix in cartesian axes

     q = (    0.125000000  -0.875000000   0.875000000 ) 

    1    1
  0.33843536   0.00000000    -0.00156317   0.00653791     0.00156317  -0.00653791
 -0.00156317  -0.00653791     0.25126225   0.00000000    -0.00229582   0.00000000
  0.00156317   0.00653791    -0.00229582   0.00000000     0.25126225   0.00000000
    1    2
 -0.02951840   0.04617289    -0.01330387   0.03050295     0.01330387  -0.03050295
 -0.01330387   0.03050295    -0.01907806   0.04395895    -0.19342257  -0.03591273
  0.01330387  -0.03050295    -0.19342257  -0.03591273    -0.01907806   0.04395895
    2    1
 -0.02951840  -0.04617289    -0.01330387  -0.03050295     0.01330387   0.03050295
 -0.01330387  -0.03050295    -0.01907806  -0.04395895    -0.19342257   0.03591273
  0.01330387   0.03050295    -0.19342257   0.03591273    -0.01907806  -0.04395895
    2    2
  0.33843536   0.00000000    -0.00156317  -0.00653791     0.00156317   0.00653791
 -0.00156317   0.00653791     0.25126225   0.00000000    -0.00229582   0.00000000
  0.00156317  -0.00653791    -0.00229582   0.00000000     0.25126225   0.00000000

     Dynamical  Matrix in cartesian axes

     q = (    0.875000000  -0.875000000   0.125000000 ) 

    1    1
  0.25126225   0.00000000    -0.00229582   0.00000000     0.00156317   0.00653791
 -0.00229582   0.00000000     0.25126225   0.00000000    -0.00156317  -0.00653791
  0.00156317  -0.00653791    -0.00156317   0.00653791     0.33843536   0.00000000
    1    2
 -0.01759345  -0.04457390     0.16216455  -0.11137627     0.01216159   0.03097610
  0.16216455  -0.11137627    -0.01759345  -0.04457390    -0.01216159  -0.03097610
  0.01216159   0.03097610    -0.01216159  -0.03097610    -0.01177650  -0.05352183
    2    1
 -0.01759345   0.04457390     0.16216455   0.11137627     0.01216159  -0.03097610
  0.16216455   0.11137627    -0.01759345   0.04457390    -0.01216159   0.03097610
  0.01216159  -0.03097610    -0.01216159   0.03097610    -0.01177650   0.05352183
    2    2
  0.25126225   0.00000000    -0.00229582   0.00000000     0.00156317  -0.00653791
 -0.00229582   0.00000000     0.25126225   0.00000000    -0.00156317   0.00653791
  0.00156317   0.00653791    -0.00156317  -0.00653791     0.33843536   0.00000000

     Dynamical  Matrix in cartesian axes

     q = (    0.125000000   0.875000000   0.875000000 ) 

    1    1
  0.33843536   0.00000000     0.00156317   0.00653791     0.00156317   0.00653791
  0.00156317  -0.00653791     0.25126225   0.00000000     0.00229582   0.00000000
  0.00156317  -0.00653791     0.00229582   0.00000000     0.25126225   0.00000000
    1    2
 -0.01177650   0.05352183     0.01216159  -0.03097610     0.01216159  -0.03097610
  0.01216159  -0.03097610    -0.01759345   0.04457390    -0.16216455  -0.11137627
  0.01216159  -0.03097610    -0.16216455  -0.11137627    -0.01759345   0.04457390
    2    1
 -0.01177650  -0.05352183     0.01216159   0.03097610     0.01216159   0.03097610
  0.01216159   0.03097610    -0.01759345  -0.04457390    -0.16216455   0.11137627
  0.01216159   0.03097610    -0.16216455   0.11137627    -0.01759345  -0.04457390
    2    2
  0.33843536   0.00000000     0.00156317  -0.00653791     0.00156317  -0.00653791
  0.00156317   0.00653791     0.25126225   0.00000000     0.00229582   0.00000000
  0.00156317   0.00653791     0.00229582   0.00000000     0.25126225   0.00000000

     Dynamical  Matrix in cartesian axes

     q = (   -0.875000000  -0.875000000   0.125000000 ) 

    1    1
  0.25126225   0.00000000     0.00229582   0.00000000    -0.00156317   0.00653791
  0.00229582   0.00000000     0.25126225   0.00000000    -0.00156317   0.00653791
 -0.00156317  -0.00653791    -0.00156317  -0.00653791     0.33843536   0.00000000
    1    2
 -0.01907806  -0.04395895     0.19342257  -0.03591273    -0.01330387  -0.03050295
  0.19342257  -0.03591273    -0.01907806  -0.04395895    -0.01330387  -0.03050295
 -0.01330387  -0.03050295    -0.01330387  -0.03050295    -0.02951840  -0.04617289
    2    1
 -0.01907806   0.04395895     0.19342257   0.03591273    -0.01330387   0.03050295
  0.19342257   0.03591273    -0.01907806   0.04395895    -0.01330387   0.03050295
 -0.01330387   0.03050295    -0.01330387   0.03050295    -0.02951840   0.04617289
    2    2
  0.25126225   0.00000000     0.00229582   0.00000000    -0.00156317  -0.00653791
  0.00229582   0.00000000     0.25126225   0.00000000    -0.00156317  -0.00653791
 -0.00156317   0.00653791    -0.00156317   0.00653791     0.33843536   0.00000000

     Dynamical  Matrix in cartesian axes

     q = (   -0.125000000  -0.875000000   0.875000000 ) 

    1    1
  0.33843536   0.00000000     0.00156317   0.00653791    -0.00156317  -0.00653791
  0.00156317  -0.00653791     0.25126225   0.00000000    -0.00229582   0.00000000
 -0.00156317   0.00653791    -0.00229582   0.00000000     0.25126225   0.00000000
    1    2
 -0.02951840  -0.04617289     0.01330387   0.03050295    -0.01330387  -0.03050295
  0.01330387   0.03050295    -0.01907806  -0.04395895    -0.19342257   0.03591273
 -0.01330387  -0.03050295    -0.19342257   0.03591273    -0.01907806  -0.04395895
    2    1
 -0.02951840   0.04617289     0.01330387  -0.03050295    -0.01330387   0.03050295
  0.01330387  -0.03050295    -0.01907806   0.04395895    -0.19342257  -0.03591273
 -0.01330387   0.03050295    -0.19342257  -0.03591273    -0.01907806   0.04395895
    2    2
  0.33843536   0.00000000     0.00156317  -0.00653791    -0.00156317   0.00653791
  0.00156317   0.00653791     0.25126225   0.00000000    -0.00229582   0.00000000
 -0.00156317  -0.00653791    -0.00229582   0.00000000     0.25126225   0.00000000

     Dynamical  Matrix in cartesian axes

     q = (    0.875000000   0.875000000   0.125000000 ) 

    1    1
  0.25126225   0.00000000     0.00229582   0.00000000     0.00156317  -0.00653791
  0.00229582   0.00000000     0.25126225   0.00000000     0.00156317  -0.00653791
  0.00156317   0.00653791     0.00156317   0.00653791     0.33843536   0.00000000
    1    2
 -0.01907806  -0.04395895     0.19342257  -0.03591273     0.01330387   0.03050295
  0.19342257  -0.03591273    -0.01907806  -0.04395895     0.01330387   0.03050295
  0.01330387   0.03050295     0.01330387   0.03050295    -0.02951840  -0.04617289
    2    1
 -0.01907806   0.04395895     0.19342257   0.03591273     0.01330387  -0.03050295
  0.19342257   0.03591273    -0.01907806   0.04395895     0.01330387  -0.03050295
  0.01330387  -0.03050295     0.01330387  -0.03050295    -0.02951840   0.04617289
    2    2
  0.25126225   0.00000000     0.00229582   0.00000000     0.00156317   0.00653791
  0.00229582   0.00000000     0.25126225   0.00000000     0.00156317   0.00653791
  0.00156317  -0.00653791     0.00156317  -0.00653791     0.33843536   0.00000000

     Dynamical  Matrix in cartesian axes

     q = (    0.125000000  -0.875000000  -0.875000000 ) 

    1    1
  0.33843536   0.00000000    -0.00156317  -0.00653791    -0.00156317  -0.00653791
 -0.00156317   0.00653791     0.25126225   0.00000000     0.00229582   0.00000000
 -0.00156317   0.00653791     0.00229582   0.00000000     0.25126225   0.00000000
    1    2
  0.02951840   0.04617289     0.01330387   0.03050295     0.01330387   0.03050295
  0.01330387   0.03050295     0.01907806   0.04395895    -0.19342257   0.03591273
  0.01330387   0.03050295    -0.19342257   0.03591273     0.01907806   0.04395895
    2    1
  0.02951840  -0.04617289     0.01330387  -0.03050295     0.01330387  -0.03050295
  0.01330387  -0.03050295     0.01907806  -0.04395895    -0.19342257  -0.03591273
  0.01330387  -0.03050295    -0.19342257  -0.03591273     0.01907806  -0.04395895
    2    2
  0.33843536   0.00000000    -0.00156317   0.00653791    -0.00156317   0.00653791
 -0.00156317  -0.00653791     0.25126225   0.00000000     0.00229582   0.00000000
 -0.00156317  -0.00653791     0.00229582   0.00000000     0.25126225   0.00000000

     Dynamical  Matrix in cartesian axes

     q = (    0.875000000  -0.875000000  -0.125000000 ) 

    1    1
  0.25126225   0.00000000    -0.00229582   0.00000000    -0.00156317   0.00653791
 -0.00229582   0.00000000     0.25126225   0.00000000     0.00156317  -0.00653791
 -0.00156317  -0.00653791     0.00156317   0.00653791     0.33843536   0.00000000
    1    2
  0.01907806   0.04395895     0.19342257  -0.03591273     0.01330387   0.03050295
  0.19342257  -0.03591273     0.01907806   0.04395895    -0.01330387  -0.03050295
  0.01330387   0.03050295    -0.01330387  -0.03050295     0.02951840   0.04617289
    2    1
  0.01907806  -0.04395895     0.19342257   0.03591273     0.01330387  -0.03050295
  0.19342257   0.03591273     0.01907806  -0.04395895    -0.01330387   0.03050295
  0.01330387  -0.03050295    -0.01330387   0.03050295     0.02951840  -0.04617289
    2    2
  0.25126225   0.00000000    -0.00229582   0.00000000    -0.00156317  -0.00653791
 -0.00229582   0.00000000     0.25126225   0.00000000     0.00156317   0.00653791
 -0.00156317   0.00653791     0.00156317  -0.00653791     0.33843536   0.00000000

     Diagonalizing the dynamical matrix

     q = (    0.875000000  -0.125000000   0.875000000 ) 

 **************************************************************************
     freq (    1) =       3.918349 [THz] =     130.702040 [cm-1]
 (  0.499642 -0.018919  0.000000 -0.000000 -0.499642  0.018919 ) 
 (  0.500000  0.000000  0.000000 -0.000000 -0.500000  0.000000 ) 
     freq (    2) =       4.873350 [THz] =     162.557456 [cm-1]
 ( -0.446937 -0.211441  0.018178 -0.103678 -0.446937 -0.211441 ) 
 (  0.494429  0.000000  0.027905 -0.101493  0.494429  0.000000 ) 
     freq (    3) =      10.838911 [THz] =     361.547148 [cm-1]
 ( -0.028047 -0.133983 -0.678684 -0.043726 -0.028047 -0.133983 ) 
 ( -0.136887  0.000000 -0.181857 -0.655326 -0.136887  0.000000 ) 
     freq (    4) =      12.602537 [THz] =     420.375378 [cm-1]
 ( -0.212827 -0.008283  0.414224  0.487536 -0.212827 -0.008283 ) 
 ( -0.212988  0.000000  0.432870 -0.471058 -0.212988  0.000000 ) 
     freq (    5) =      13.970466 [THz] =     466.004592 [cm-1]
 (  0.499642 -0.018919 -0.000000  0.000000 -0.499642  0.018919 ) 
 ( -0.500000  0.000000  0.000000 -0.000000  0.500000  0.000000 ) 
     freq (    6) =      14.161124 [THz] =     472.364266 [cm-1]
 (  0.392676  0.192985 -0.031235  0.340806  0.392676  0.192985 ) 
 (  0.437536 -0.000000  0.122287 -0.319641  0.437536  0.000000 ) 
 **************************************************************************
