Dynamical matrix file
default                                                                    
  1    2   2  10.2273000   0.0000000   0.0000000   0.0000000   0.0000000   0.0000000
           1  'Si  '    25598.3672898282     
    1    1     -0.2500000000      0.2500000000      0.2500000000
    2    1     -0.5000000000      0.5000000000      0.5000000000

     Dynamical  Matrix in cartesian axes

     q = (    0.500000000  -0.250000000   0.500000000 ) 

    1    1
  0.27778849  -0.00000000    -0.01254362  -0.00619788     0.01412891  -0.00000000
 -0.01254362   0.00619788     0.28819467   0.00000000    -0.01254362   0.00619788
  0.01412891  -0.00000000    -0.01254362  -0.00619788     0.27778849  -0.00000000
    1    2
 -0.13782283   0.00642348    -0.06948592   0.06641208     0.09688169  -0.00474603
 -0.06948592   0.06641208    -0.14837634   0.00301925    -0.06948592   0.06641208
  0.09688169  -0.00474603    -0.06948592   0.06641208    -0.13782283   0.00642348
    2    1
 -0.13782283  -0.00642348    -0.06948592  -0.06641208     0.09688169   0.00474603
 -0.06948592  -0.06641208    -0.14837634  -0.00301925    -0.06948592  -0.06641208
  0.09688169   0.00474603    -0.06948592  -0.06641208    -0.13782283  -0.00642348
    2    2
  0.27778849   0.00000000    -0.01254362   0.00619788     0.01412891   0.00000000
 -0.01254362  -0.00619788     0.28819467  -0.00000000    -0.01254362  -0.00619788
  0.01412891   0.00000000    -0.01254362   0.00619788     0.27778849   0.00000000

     Dynamical  Matrix in cartesian axes

     q = (    0.500000000  -0.250000000  -0.500000000 ) 

    1    1
  0.27778849   0.00000000    -0.01254362   0.00619788    -0.01412891  -0.00000000
 -0.01254362  -0.00619788     0.28819467  -0.00000000     0.01254362   0.00619788
 -0.01412891  -0.00000000     0.01254362  -0.00619788     0.27778849   0.00000000
    1    2
  0.10199754  -0.09291337     0.09609440  -0.00217354     0.07186165  -0.06514974
  0.09609440  -0.00217354     0.10705285  -0.10278298    -0.09609440   0.00217354
  0.07186165  -0.06514974    -0.09609440   0.00217354     0.10199754  -0.09291337
    2    1
  0.10199754   0.09291337     0.09609440   0.00217354     0.07186165   0.06514974
  0.09609440   0.00217354     0.10705285   0.10278298    -0.09609440  -0.00217354
  0.07186165   0.06514974    -0.09609440  -0.00217354     0.10199754   0.09291337
    2    2
  0.27778849  -0.00000000    -0.01254362  -0.00619788    -0.01412891   0.00000000
 -0.01254362   0.00619788     0.28819467   0.00000000     0.01254362  -0.00619788
 -0.01412891   0.00000000     0.01254362   0.00619788     0.27778849  -0.00000000

     Dynamical  Matrix in cartesian axes

     q = (   -0.500000000  -0.250000000   0.500000000 ) 

    1    1
  0.27778849   0.00000000     0.01254362  -0.00619788    -0.01412891  -0.00000000
  0.01254362   0.00619788     0.28819467  -0.00000000    -0.01254362  -0.00619788
 -0.01412891  -0.00000000    -0.01254362   0.00619788     0.27778849   0.00000000
    1    2
 -0.10199754   0.09291337     0.09609440  -0.00217354    -0.07186165   0.06514974
  0.09609440  -0.00217354    -0.10705285   0.10278298    -0.09609440   0.00217354
 -0.07186165   0.06514974    -0.09609440   0.00217354    -0.10199754   0.09291337
    2    1
 -0.10199754  -0.09291337     0.09609440   0.00217354    -0.07186165  -0.06514974
  0.09609440   0.00217354    -0.10705285  -0.10278298    -0.09609440  -0.00217354
 -0.07186165  -0.06514974    -0.09609440  -0.00217354    -0.10199754  -0.09291337
    2    2
  0.27778849  -0.00000000     0.01254362   0.00619788    -0.01412891   0.00000000
  0.01254362  -0.00619788     0.28819467   0.00000000    -0.01254362   0.00619788
 -0.01412891   0.00000000    -0.01254362  -0.00619788     0.27778849  -0.00000000

     Dynamical  Matrix in cartesian axes

     q = (   -0.500000000  -0.250000000  -0.500000000 ) 

    1    1
  0.27778849  -0.00000000     0.01254362   0.00619788     0.01412891  -0.00000000
  0.01254362  -0.00619788     0.28819467   0.00000000     0.01254362  -0.00619788
  0.01412891  -0.00000000     0.01254362   0.00619788     0.27778849  -0.00000000
    1    2
 -0.13782283   0.00642348     0.06948592  -0.06641208     0.09688169  -0.00474603
  0.06948592  -0.06641208    -0.14837634   0.00301925     0.06948592  -0.06641208
  0.09688169  -0.00474603     0.06948592  -0.06641208    -0.13782283   0.00642348
    2    1
 -0.13782283  -0.00642348     0.06948592   0.06641208     0.09688169   0.00474603
  0.06948592   0.06641208    -0.14837634  -0.00301925     0.06948592   0.06641208
  0.09688169   0.00474603     0.06948592   0.06641208    -0.13782283  -0.00642348
    2    2
  0.27778849   0.00000000     0.01254362  -0.00619788     0.01412891   0.00000000
  0.01254362   0.00619788     0.28819467  -0.00000000     0.01254362   0.00619788
  0.01412891   0.00000000     0.01254362  -0.00619788     0.27778849   0.00000000

     Dynamical  Matrix in cartesian axes

     q = (   -0.500000000   0.250000000  -0.500000000 ) 

    1    1
  0.27778849   0.00000000    -0.01254362   0.00619788     0.01412891   0.00000000
 -0.01254362  -0.00619788     0.28819467  -0.00000000    -0.01254362  -0.00619788
  0.01412891   0.00000000    -0.01254362   0.00619788     0.27778849   0.00000000
    1    2
 -0.13782283  -0.00642348    -0.06948592  -0.06641208     0.09688169   0.00474603
 -0.06948592  -0.06641208    -0.14837634  -0.00301925    -0.06948592  -0.06641208
  0.09688169   0.00474603    -0.06948592  -0.06641208    -0.13782283  -0.00642348
    2    1
 -0.13782283   0.00642348    -0.06948592   0.06641208     0.09688169  -0.00474603
 -0.06948592   0.06641208    -0.14837634   0.00301925    -0.06948592   0.06641208
  0.09688169  -0.00474603    -0.06948592   0.06641208    -0.13782283   0.00642348
    2    2
  0.27778849  -0.00000000    -0.01254362  -0.00619788     0.01412891  -0.00000000
 -0.01254362   0.00619788     0.28819467   0.00000000    -0.01254362   0.00619788
  0.01412891  -0.00000000    -0.01254362  -0.00619788     0.27778849  -0.00000000

     Dynamical  Matrix in cartesian axes

     q = (   -0.250000000   0.500000000  -0.500000000 ) 

    1    1
  0.28819467  -0.00000000    -0.01254362  -0.00619788     0.01254362   0.00619788
 -0.01254362   0.00619788     0.27778849   0.00000000    -0.01412891  -0.00000000
  0.01254362  -0.00619788    -0.01412891  -0.00000000     0.27778849   0.00000000
    1    2
 -0.14837634  -0.00301925    -0.06948592  -0.06641208     0.06948592   0.06641208
 -0.06948592  -0.06641208    -0.13782283  -0.00642348    -0.09688169  -0.00474603
  0.06948592   0.06641208    -0.09688169  -0.00474603    -0.13782283  -0.00642348
    2    1
 -0.14837634   0.00301925    -0.06948592   0.06641208     0.06948592  -0.06641208
 -0.06948592   0.06641208    -0.13782283   0.00642348    -0.09688169   0.00474603
  0.06948592  -0.06641208    -0.09688169   0.00474603    -0.13782283   0.00642348
    2    2
  0.28819467   0.00000000    -0.01254362   0.00619788     0.01254362  -0.00619788
 -0.01254362  -0.00619788     0.27778849  -0.00000000    -0.01412891   0.00000000
  0.01254362   0.00619788    -0.01412891   0.00000000     0.27778849  -0.00000000

     Dynamical  Matrix in cartesian axes

     q = (   -0.500000000   0.500000000  -0.250000000 ) 

    1    1
  0.27778849   0.00000000    -0.01412891  -0.00000000     0.01254362  -0.00619788
 -0.01412891  -0.00000000     0.27778849   0.00000000    -0.01254362   0.00619788
  0.01254362   0.00619788    -0.01254362  -0.00619788     0.28819467  -0.00000000
    1    2
 -0.10199754   0.09291337    -0.07186165   0.06514974     0.09609440  -0.00217354
 -0.07186165   0.06514974    -0.10199754   0.09291337    -0.09609440   0.00217354
  0.09609440  -0.00217354    -0.09609440   0.00217354    -0.10705285   0.10278298
    2    1
 -0.10199754  -0.09291337    -0.07186165  -0.06514974     0.09609440   0.00217354
 -0.07186165  -0.06514974    -0.10199754  -0.09291337    -0.09609440  -0.00217354
  0.09609440   0.00217354    -0.09609440  -0.00217354    -0.10705285  -0.10278298
    2    2
  0.27778849  -0.00000000    -0.01412891   0.00000000     0.01254362   0.00619788
 -0.01412891   0.00000000     0.27778849  -0.00000000    -0.01254362  -0.00619788
  0.01254362  -0.00619788    -0.01254362   0.00619788     0.28819467   0.00000000

     Dynamical  Matrix in cartesian axes

     q = (    0.500000000   0.250000000   0.500000000 ) 

    1    1
  0.27778849   0.00000000     0.01254362  -0.00619788     0.01412891   0.00000000
  0.01254362   0.00619788     0.28819467  -0.00000000     0.01254362   0.00619788
  0.01412891   0.00000000     0.01254362  -0.00619788     0.27778849   0.00000000
    1    2
 -0.13782283  -0.00642348     0.06948592   0.06641208     0.09688169   0.00474603
  0.06948592   0.06641208    -0.14837634  -0.00301925     0.06948592   0.06641208
  0.09688169   0.00474603     0.06948592   0.06641208    -0.13782283  -0.00642348
    2    1
 -0.13782283   0.00642348     0.06948592  -0.06641208     0.09688169  -0.00474603
  0.06948592  -0.06641208    -0.14837634   0.00301925     0.06948592  -0.06641208
  0.09688169  -0.00474603     0.06948592  -0.06641208    -0.13782283   0.00642348
    2    2
  0.27778849  -0.00000000     0.01254362   0.00619788     0.01412891  -0.00000000
  0.01254362  -0.00619788     0.28819467   0.00000000     0.01254362  -0.00619788
  0.01412891  -0.00000000     0.01254362   0.00619788     0.27778849  -0.00000000

     Dynamical  Matrix in cartesian axes

     q = (   -0.500000000   0.250000000   0.500000000 ) 

    1    1
  0.27778849  -0.00000000    -0.01254362  -0.00619788    -0.01412891   0.00000000
 -0.01254362   0.00619788     0.28819467   0.00000000     0.01254362  -0.00619788
 -0.01412891   0.00000000     0.01254362   0.00619788     0.27778849  -0.00000000
    1    2
  0.10199754   0.09291337     0.09609440   0.00217354     0.07186165   0.06514974
  0.09609440   0.00217354     0.10705285   0.10278298    -0.09609440  -0.00217354
  0.07186165   0.06514974    -0.09609440  -0.00217354     0.10199754   0.09291337
    2    1
  0.10199754  -0.09291337     0.09609440  -0.00217354     0.07186165  -0.06514974
  0.09609440  -0.00217354     0.10705285  -0.10278298    -0.09609440   0.00217354
  0.07186165  -0.06514974    -0.09609440   0.00217354     0.10199754  -0.09291337
    2    2
  0.27778849   0.00000000    -0.01254362   0.00619788    -0.01412891  -0.00000000
 -0.01254362  -0.00619788     0.28819467  -0.00000000     0.01254362   0.00619788
 -0.01412891  -0.00000000     0.01254362  -0.00619788     0.27778849   0.00000000

     Dynamical  Matrix in cartesian axes

     q = (    0.500000000   0.250000000  -0.500000000 ) 

    1    1
  0.27778849  -0.00000000     0.01254362   0.00619788    -0.01412891   0.00000000
  0.01254362  -0.00619788     0.28819467   0.00000000    -0.01254362   0.00619788
 -0.01412891   0.00000000    -0.01254362  -0.00619788     0.27778849  -0.00000000
    1    2
 -0.10199754  -0.09291337     0.09609440   0.00217354    -0.07186165  -0.06514974
  0.09609440   0.00217354    -0.10705285  -0.10278298    -0.09609440  -0.00217354
 -0.07186165  -0.06514974    -0.09609440  -0.00217354    -0.10199754  -0.09291337
    2    1
 -0.10199754   0.09291337     0.09609440  -0.00217354    -0.07186165   0.06514974
  0.09609440  -0.00217354    -0.10705285   0.10278298    -0.09609440   0.00217354
 -0.07186165   0.06514974    -0.09609440   0.00217354    -0.10199754   0.09291337
    2    2
  0.27778849   0.00000000     0.01254362  -0.00619788    -0.01412891  -0.00000000
  0.01254362   0.00619788     0.28819467  -0.00000000    -0.01254362  -0.00619788
 -0.01412891  -0.00000000    -0.01254362   0.00619788     0.27778849   0.00000000

     Dynamical  Matrix in cartesian axes

     q = (   -0.500000000   0.500000000   0.250000000 ) 

    1    1
  0.27778849  -0.00000000    -0.01412891   0.00000000    -0.01254362  -0.00619788
 -0.01412891   0.00000000     0.27778849  -0.00000000     0.01254362   0.00619788
 -0.01254362   0.00619788     0.01254362  -0.00619788     0.28819467   0.00000000
    1    2
  0.10199754   0.09291337     0.07186165   0.06514974     0.09609440   0.00217354
  0.07186165   0.06514974     0.10199754   0.09291337    -0.09609440  -0.00217354
  0.09609440   0.00217354    -0.09609440  -0.00217354     0.10705285   0.10278298
    2    1
  0.10199754  -0.09291337     0.07186165  -0.06514974     0.09609440  -0.00217354
  0.07186165  -0.06514974     0.10199754  -0.09291337    -0.09609440   0.00217354
  0.09609440  -0.00217354    -0.09609440   0.00217354     0.10705285  -0.10278298
    2    2
  0.27778849   0.00000000    -0.01412891  -0.00000000    -0.01254362   0.00619788
 -0.01412891  -0.00000000     0.27778849   0.00000000     0.01254362  -0.00619788
 -0.01254362  -0.00619788     0.01254362   0.00619788     0.28819467  -0.00000000

     Dynamical  Matrix in cartesian axes

     q = (   -0.250000000   0.500000000   0.500000000 ) 

    1    1
  0.28819467   0.00000000    -0.01254362   0.00619788    -0.01254362   0.00619788
 -0.01254362  -0.00619788     0.27778849  -0.00000000     0.01412891  -0.00000000
 -0.01254362  -0.00619788     0.01412891  -0.00000000     0.27778849  -0.00000000
    1    2
  0.10705285   0.10278298     0.09609440   0.00217354     0.09609440   0.00217354
  0.09609440   0.00217354     0.10199754   0.09291337    -0.07186165  -0.06514974
  0.09609440   0.00217354    -0.07186165  -0.06514974     0.10199754   0.09291337
    2    1
  0.10705285  -0.10278298     0.09609440  -0.00217354     0.09609440  -0.00217354
  0.09609440  -0.00217354     0.10199754  -0.09291337    -0.07186165   0.06514974
  0.09609440  -0.00217354    -0.07186165   0.06514974     0.10199754  -0.09291337
    2    2
  0.28819467  -0.00000000    -0.01254362  -0.00619788    -0.01254362  -0.00619788
 -0.01254362   0.00619788     0.27778849   0.00000000     0.01412891   0.00000000
 -0.01254362   0.00619788     0.01412891   0.00000000     0.27778849   0.00000000

     Dynamical  Matrix in cartesian axes

     q = (    0.250000000   0.500000000  -0.500000000 ) 

    1    1
  0.28819467   0.00000000     0.01254362  -0.00619788    -0.01254362   0.00619788
  0.01254362   0.00619788     0.27778849  -0.00000000    -0.01412891   0.00000000
 -0.01254362  -0.00619788    -0.01412891   0.00000000     0.27778849  -0.00000000
    1    2
 -0.14837634   0.00301925     0.06948592  -0.06641208    -0.06948592   0.06641208
  0.06948592  -0.06641208    -0.13782283   0.00642348    -0.09688169   0.00474603
 -0.06948592   0.06641208    -0.09688169   0.00474603    -0.13782283   0.00642348
    2    1
 -0.14837634  -0.00301925     0.06948592   0.06641208    -0.06948592  -0.06641208
  0.06948592   0.06641208    -0.13782283  -0.00642348    -0.09688169  -0.00474603
 -0.06948592  -0.06641208    -0.09688169  -0.00474603    -0.13782283  -0.00642348
    2    2
  0.28819467  -0.00000000     0.01254362   0.00619788    -0.01254362  -0.00619788
  0.01254362  -0.00619788     0.27778849   0.00000000    -0.01412891  -0.00000000
 -0.01254362   0.00619788    -0.01412891  -0.00000000     0.27778849   0.00000000

     Dynamical  Matrix in cartesian axes

     q = (   -0.250000000  -0.500000000  -0.500000000 ) 

    1    1
  0.28819467   0.00000000     0.01254362  -0.00619788     0.01254362  -0.00619788
  0.01254362   0.00619788     0.27778849  -0.00000000     0.01412891  -0.00000000
  0.01254362   0.00619788     0.01412891  -0.00000000     0.27778849  -0.00000000
    1    2
 -0.10705285  -0.10278298     0.09609440   0.00217354     0.09609440   0.00217354
  0.09609440   0.00217354    -0.10199754  -0.09291337     0.07186165   0.06514974
  0.09609440   0.00217354     0.07186165   0.06514974    -0.10199754  -0.09291337
    2    1
 -0.10705285   0.10278298     0.09609440  -0.00217354     0.09609440  -0.00217354
  0.09609440  -0.00217354    -0.10199754   0.09291337     0.07186165  -0.06514974
  0.09609440  -0.00217354     0.07186165  -0.06514974    -0.10199754   0.09291337
    2    2
  0.28819467  -0.00000000     0.01254362   0.00619788     0.01254362   0.00619788
  0.01254362  -0.00619788     0.27778849   0.00000000     0.01412891   0.00000000
  0.01254362  -0.00619788     0.01412891   0.00000000     0.27778849   0.00000000

     Dynamical  Matrix in cartesian axes

     q = (    0.500000000   0.500000000  -0.250000000 ) 

    1    1
  0.27778849  -0.00000000     0.01412891  -0.00000000    -0.01254362  -0.00619788
  0.01412891  -0.00000000     0.27778849  -0.00000000    -0.01254362  -0.00619788
 -0.01254362   0.00619788    -0.01254362   0.00619788     0.28819467   0.00000000
    1    2
 -0.13782283   0.00642348     0.09688169  -0.00474603    -0.06948592   0.06641208
  0.09688169  -0.00474603    -0.13782283   0.00642348    -0.06948592   0.06641208
 -0.06948592   0.06641208    -0.06948592   0.06641208    -0.14837634   0.00301925
    2    1
 -0.13782283  -0.00642348     0.09688169   0.00474603    -0.06948592  -0.06641208
  0.09688169   0.00474603    -0.13782283  -0.00642348    -0.06948592  -0.06641208
 -0.06948592  -0.06641208    -0.06948592  -0.06641208    -0.14837634  -0.00301925
    2    2
  0.27778849   0.00000000     0.01412891   0.00000000    -0.01254362   0.00619788
  0.01412891   0.00000000     0.27778849   0.00000000    -0.01254362   0.00619788
 -0.01254362  -0.00619788    -0.01254362  -0.00619788     0.28819467  -0.00000000

     Dynamical  Matrix in cartesian axes

     q = (   -0.500000000  -0.500000000  -0.250000000 ) 

    1    1
  0.27778849  -0.00000000     0.01412891  -0.00000000     0.01254362   0.00619788
  0.01412891  -0.00000000     0.27778849  -0.00000000     0.01254362   0.00619788
  0.01254362  -0.00619788     0.01254362  -0.00619788     0.28819467   0.00000000
    1    2
 -0.13782283   0.00642348     0.09688169  -0.00474603     0.06948592  -0.06641208
  0.09688169  -0.00474603    -0.13782283   0.00642348     0.06948592  -0.06641208
  0.06948592  -0.06641208     0.06948592  -0.06641208    -0.14837634   0.00301925
    2    1
 -0.13782283  -0.00642348     0.09688169   0.00474603     0.06948592   0.06641208
  0.09688169   0.00474603    -0.13782283  -0.00642348     0.06948592   0.06641208
  0.06948592   0.06641208     0.06948592   0.06641208    -0.14837634  -0.00301925
    2    2
  0.27778849   0.00000000     0.01412891   0.00000000     0.01254362  -0.00619788
  0.01412891   0.00000000     0.27778849   0.00000000     0.01254362  -0.00619788
  0.01254362   0.00619788     0.01254362   0.00619788     0.28819467  -0.00000000

     Dynamical  Matrix in cartesian axes

     q = (    0.250000000  -0.500000000   0.500000000 ) 

    1    1
  0.28819467   0.00000000    -0.01254362   0.00619788     0.01254362  -0.00619788
 -0.01254362  -0.00619788     0.27778849  -0.00000000    -0.01412891   0.00000000
  0.01254362   0.00619788    -0.01412891   0.00000000     0.27778849  -0.00000000
    1    2
 -0.14837634   0.00301925    -0.06948592   0.06641208     0.06948592  -0.06641208
 -0.06948592   0.06641208    -0.13782283   0.00642348    -0.09688169   0.00474603
  0.06948592  -0.06641208    -0.09688169   0.00474603    -0.13782283   0.00642348
    2    1
 -0.14837634  -0.00301925    -0.06948592  -0.06641208     0.06948592   0.06641208
 -0.06948592  -0.06641208    -0.13782283  -0.00642348    -0.09688169  -0.00474603
  0.06948592   0.06641208    -0.09688169  -0.00474603    -0.13782283  -0.00642348
    2    2
  0.28819467  -0.00000000    -0.01254362  -0.00619788     0.01254362   0.00619788
 -0.01254362   0.00619788     0.27778849   0.00000000    -0.01412891  -0.00000000
  0.01254362  -0.00619788    -0.01412891  -0.00000000     0.27778849   0.00000000

     Dynamical  Matrix in cartesian axes

     q = (    0.500000000  -0.500000000   0.250000000 ) 

    1    1
  0.27778849  -0.00000000    -0.01412891   0.00000000     0.01254362   0.00619788
 -0.01412891   0.00000000     0.27778849  -0.00000000    -0.01254362  -0.00619788
  0.01254362  -0.00619788    -0.01254362   0.00619788     0.28819467   0.00000000
    1    2
 -0.10199754  -0.09291337    -0.07186165  -0.06514974     0.09609440   0.00217354
 -0.07186165  -0.06514974    -0.10199754  -0.09291337    -0.09609440  -0.00217354
  0.09609440   0.00217354    -0.09609440  -0.00217354    -0.10705285  -0.10278298
    2    1
 -0.10199754   0.09291337    -0.07186165   0.06514974     0.09609440  -0.00217354
 -0.07186165   0.06514974    -0.10199754   0.09291337    -0.09609440   0.00217354
  0.09609440  -0.00217354    -0.09609440   0.00217354    -0.10705285   0.10278298
    2    2
  0.27778849   0.00000000    -0.01412891  -0.00000000     0.01254362  -0.00619788
 -0.01412891  -0.00000000     0.27778849   0.00000000    -0.01254362   0.00619788
  0.01254362   0.00619788    -0.01254362  -0.00619788     0.28819467  -0.00000000

     Dynamical  Matrix in cartesian axes

     q = (    0.250000000   0.500000000   0.500000000 ) 

    1    1
  0.28819467  -0.00000000     0.01254362   0.00619788     0.01254362   0.00619788
  0.01254362  -0.00619788     0.27778849   0.00000000     0.01412891   0.00000000
  0.01254362  -0.00619788     0.01412891   0.00000000     0.27778849   0.00000000
    1    2
 -0.10705285   0.10278298     0.09609440  -0.00217354     0.09609440  -0.00217354
  0.09609440  -0.00217354    -0.10199754   0.09291337     0.07186165  -0.06514974
  0.09609440  -0.00217354     0.07186165  -0.06514974    -0.10199754   0.09291337
    2    1
 -0.10705285  -0.10278298     0.09609440   0.00217354     0.09609440   0.00217354
  0.09609440   0.00217354    -0.10199754  -0.09291337     0.07186165   0.06514974
  0.09609440   0.00217354     0.07186165   0.06514974    -0.10199754  -0.09291337
    2    2
  0.28819467   0.00000000     0.01254362  -0.00619788     0.01254362  -0.00619788
  0.01254362   0.00619788     0.27778849  -0.00000000     0.01412891  -0.00000000
  0.01254362   0.00619788     0.01412891  -0.00000000     0.27778849  -0.00000000

     Dynamical  Matrix in cartesian axes

     q = (   -0.500000000  -0.500000000   0.250000000 ) 

    1    1
  0.27778849   0.00000000     0.01412891   0.00000000    -0.01254362   0.00619788
  0.01412891   0.00000000     0.27778849   0.00000000    -0.01254362   0.00619788
 -0.01254362  -0.00619788    -0.01254362  -0.00619788     0.28819467  -0.00000000
    1    2
 -0.13782283  -0.00642348     0.09688169   0.00474603    -0.06948592  -0.06641208
  0.09688169   0.00474603    -0.13782283  -0.00642348    -0.06948592  -0.06641208
 -0.06948592  -0.06641208    -0.06948592  -0.06641208    -0.14837634  -0.00301925
    2    1
 -0.13782283   0.00642348     0.09688169  -0.00474603    -0.06948592   0.06641208
  0.09688169  -0.00474603    -0.13782283   0.00642348    -0.06948592   0.06641208
 -0.06948592   0.06641208    -0.06948592   0.06641208    -0.14837634   0.00301925
    2    2
  0.27778849  -0.00000000     0.01412891  -0.00000000    -0.01254362  -0.00619788
  0.01412891  -0.00000000     0.27778849  -0.00000000    -0.01254362  -0.00619788
 -0.01254362   0.00619788    -0.01254362   0.00619788     0.28819467   0.00000000

     Dynamical  Matrix in cartesian axes

     q = (   -0.250000000  -0.500000000   0.500000000 ) 

    1    1
  0.28819467  -0.00000000     0.01254362   0.00619788    -0.01254362  -0.00619788
  0.01254362  -0.00619788     0.27778849   0.00000000    -0.01412891  -0.00000000
 -0.01254362   0.00619788    -0.01412891  -0.00000000     0.27778849   0.00000000
    1    2
 -0.14837634  -0.00301925     0.06948592   0.06641208    -0.06948592  -0.06641208
  0.06948592   0.06641208    -0.13782283  -0.00642348    -0.09688169  -0.00474603
 -0.06948592  -0.06641208    -0.09688169  -0.00474603    -0.13782283  -0.00642348
    2    1
 -0.14837634   0.00301925     0.06948592  -0.06641208    -0.06948592   0.06641208
  0.06948592  -0.06641208    -0.13782283   0.00642348    -0.09688169   0.00474603
 -0.06948592   0.06641208    -0.09688169   0.00474603    -0.13782283   0.00642348
    2    2
  0.28819467   0.00000000     0.01254362  -0.00619788    -0.01254362   0.00619788
  0.01254362   0.00619788     0.27778849  -0.00000000    -0.01412891   0.00000000
 -0.01254362  -0.00619788    -0.01412891   0.00000000     0.27778849  -0.00000000

     Dynamical  Matrix in cartesian axes

     q = (    0.500000000   0.500000000   0.250000000 ) 

    1    1
  0.27778849   0.00000000     0.01412891   0.00000000     0.01254362  -0.00619788
  0.01412891   0.00000000     0.27778849   0.00000000     0.01254362  -0.00619788
  0.01254362   0.00619788     0.01254362   0.00619788     0.28819467  -0.00000000
    1    2
 -0.13782283  -0.00642348     0.09688169   0.00474603     0.06948592   0.06641208
  0.09688169   0.00474603    -0.13782283  -0.00642348     0.06948592   0.06641208
  0.06948592   0.06641208     0.06948592   0.06641208    -0.14837634  -0.00301925
    2    1
 -0.13782283   0.00642348     0.09688169  -0.00474603     0.06948592  -0.06641208
  0.09688169  -0.00474603    -0.13782283   0.00642348     0.06948592  -0.06641208
  0.06948592  -0.06641208     0.06948592  -0.06641208    -0.14837634   0.00301925
    2    2
  0.27778849  -0.00000000     0.01412891  -0.00000000     0.01254362   0.00619788
  0.01412891  -0.00000000     0.27778849  -0.00000000     0.01254362   0.00619788
  0.01254362  -0.00619788     0.01254362  -0.00619788     0.28819467   0.00000000

     Dynamical  Matrix in cartesian axes

     q = (    0.250000000  -0.500000000  -0.500000000 ) 

    1    1
  0.28819467  -0.00000000    -0.01254362  -0.00619788    -0.01254362  -0.00619788
 -0.01254362   0.00619788     0.27778849   0.00000000     0.01412891   0.00000000
 -0.01254362   0.00619788     0.01412891   0.00000000     0.27778849   0.00000000
    1    2
  0.10705285  -0.10278298     0.09609440  -0.00217354     0.09609440  -0.00217354
  0.09609440  -0.00217354     0.10199754  -0.09291337    -0.07186165   0.06514974
  0.09609440  -0.00217354    -0.07186165   0.06514974     0.10199754  -0.09291337
    2    1
  0.10705285   0.10278298     0.09609440   0.00217354     0.09609440   0.00217354
  0.09609440   0.00217354     0.10199754   0.09291337    -0.07186165  -0.06514974
  0.09609440   0.00217354    -0.07186165  -0.06514974     0.10199754   0.09291337
    2    2
  0.28819467   0.00000000    -0.01254362   0.00619788    -0.01254362   0.00619788
 -0.01254362  -0.00619788     0.27778849  -0.00000000     0.01412891  -0.00000000
 -0.01254362  -0.00619788     0.01412891  -0.00000000     0.27778849  -0.00000000

     Dynamical  Matrix in cartesian axes

     q = (    0.500000000  -0.500000000  -0.250000000 ) 

    1    1
  0.27778849   0.00000000    -0.01412891  -0.00000000    -0.01254362   0.00619788
 -0.01412891  -0.00000000     0.27778849   0.00000000     0.01254362  -0.00619788
 -0.01254362  -0.00619788     0.01254362   0.00619788     0.28819467  -0.00000000
    1    2
  0.10199754  -0.09291337     0.07186165  -0.06514974     0.09609440  -0.00217354
  0.07186165  -0.06514974     0.10199754  -0.09291337    -0.09609440   0.00217354
  0.09609440  -0.00217354    -0.09609440   0.00217354     0.10705285  -0.10278298
    2    1
  0.10199754   0.09291337     0.07186165   0.06514974     0.09609440   0.00217354
  0.07186165   0.06514974     0.10199754   0.09291337    -0.09609440  -0.00217354
  0.09609440   0.00217354    -0.09609440  -0.00217354     0.10705285   0.10278298
    2    2
  0.27778849  -0.00000000    -0.01412891   0.00000000    -0.01254362  -0.00619788
 -0.01412891   0.00000000     0.27778849  -0.00000000     0.01254362   0.00619788
 -0.01254362   0.00619788     0.01254362  -0.00619788     0.28819467   0.00000000

     Diagonalizing the dynamical matrix

     q = (    0.500000000  -0.250000000   0.500000000 ) 

 **************************************************************************
     freq (    1) =       3.482811 [THz] =     116.174085 [cm-1]
 (  0.499435 -0.023768  0.000000  0.000000 -0.499435  0.023768 ) 
 (  0.500000  0.000000  0.000000  0.000000 -0.500000  0.000000 ) 
     freq (    2) =       4.342874 [THz] =     144.862700 [cm-1]
 ( -0.192306  0.202059 -0.509155  0.291793 -0.192306  0.202059 ) 
 ( -0.278943 -0.000000 -0.562383  0.167653 -0.278943  0.000000 ) 
     freq (    3) =       9.686570 [THz] =     323.109211 [cm-1]
 ( -0.024609 -0.410805 -0.095873  0.389969 -0.024609 -0.410805 ) 
 ( -0.411541  0.000000  0.383538 -0.119021 -0.411541  0.000000 ) 
     freq (    4) =      12.681117 [THz] =     422.996524 [cm-1]
 ( -0.132538 -0.411750 -0.149228  0.321749 -0.132538 -0.411750 ) 
 (  0.432555 -0.000000 -0.260549  0.240636  0.432555  0.000000 ) 
     freq (    5) =      14.519711 [THz] =     484.325437 [cm-1]
 (  0.499435 -0.023768 -0.000000  0.000000 -0.499435  0.023768 ) 
 ( -0.500000  0.000000  0.000000 -0.000000  0.500000  0.000000 ) 
     freq (    6) =      14.732448 [THz] =     491.421582 [cm-1]
 (  0.025120 -0.255126  0.456123 -0.400638  0.025120 -0.255126 ) 
 ( -0.256360  0.000000 -0.443404  0.414671 -0.256360  0.000000 ) 
 **************************************************************************
