Dynamical matrix file
default                                                                    
  1    2   2  10.2273000   0.0000000   0.0000000   0.0000000   0.0000000   0.0000000
           1  'Si  '    25598.3672898282     
    1    1     -0.2500000000      0.2500000000      0.2500000000
    2    1     -0.5000000000      0.5000000000      0.5000000000

     Dynamical  Matrix in cartesian axes

     q = (    0.625000000  -0.375000000   0.875000000 ) 

    1    1
  0.26034481   0.00000000    -0.00921069  -0.00163178     0.00473027  -0.00160613
 -0.00921069   0.00163178     0.29188420   0.00000000    -0.00577298   0.01201944
  0.00473027   0.00160613    -0.00577298  -0.01201944     0.27556837   0.00000000
    1    2
 -0.04663773   0.10754674    -0.03615944   0.07996277     0.13263756   0.01157455
 -0.03615944   0.07996277    -0.05462676   0.11164519    -0.06270325   0.01429114
  0.13263756   0.01157455    -0.06270325   0.01429114    -0.04998705   0.11729369
    2    1
 -0.04663773  -0.10754674    -0.03615944  -0.07996277     0.13263756  -0.01157455
 -0.03615944  -0.07996277    -0.05462676  -0.11164519    -0.06270325  -0.01429114
  0.13263756  -0.01157455    -0.06270325  -0.01429114    -0.04998705  -0.11729369
    2    2
  0.26034481   0.00000000    -0.00921069   0.00163178     0.00473027   0.00160613
 -0.00921069  -0.00163178     0.29188420  -0.00000000    -0.00577298  -0.01201944
  0.00473027  -0.00160613    -0.00577298   0.01201944     0.27556837   0.00000000

     Dynamical  Matrix in cartesian axes

     q = (    0.625000000  -0.375000000  -0.875000000 ) 

    1    1
  0.26034481   0.00000000    -0.00921069   0.00163178    -0.00473027  -0.00160613
 -0.00921069  -0.00163178     0.29188420  -0.00000000     0.00577298   0.01201944
 -0.00473027   0.00160613     0.00577298  -0.01201944     0.27556837   0.00000000
    1    2
  0.04663773   0.10754674     0.03615944   0.07996277     0.13263756  -0.01157455
  0.03615944   0.07996277     0.05462676   0.11164519    -0.06270325  -0.01429114
  0.13263756  -0.01157455    -0.06270325  -0.01429114     0.04998705   0.11729369
    2    1
  0.04663773  -0.10754674     0.03615944  -0.07996277     0.13263756   0.01157455
  0.03615944  -0.07996277     0.05462676  -0.11164519    -0.06270325   0.01429114
  0.13263756   0.01157455    -0.06270325   0.01429114     0.04998705  -0.11729369
    2    2
  0.26034481   0.00000000    -0.00921069  -0.00163178    -0.00473027   0.00160613
 -0.00921069   0.00163178     0.29188420   0.00000000     0.00577298  -0.01201944
 -0.00473027  -0.00160613     0.00577298   0.01201944     0.27556837   0.00000000

     Dynamical  Matrix in cartesian axes

     q = (    0.875000000   0.375000000   0.625000000 ) 

    1    1
  0.27556837  -0.00000000     0.00577298  -0.01201944     0.00473027  -0.00160613
  0.00577298   0.01201944     0.29188420  -0.00000000     0.00921069   0.00163178
  0.00473027   0.00160613     0.00921069  -0.00163178     0.26034481   0.00000000
    1    2
 -0.04998705  -0.11729369     0.06270325   0.01429114     0.13263756  -0.01157455
  0.06270325   0.01429114    -0.05462676  -0.11164519     0.03615944   0.07996277
  0.13263756  -0.01157455     0.03615944   0.07996277    -0.04663773  -0.10754674
    2    1
 -0.04998705   0.11729369     0.06270325  -0.01429114     0.13263756   0.01157455
  0.06270325  -0.01429114    -0.05462676   0.11164519     0.03615944  -0.07996277
  0.13263756   0.01157455     0.03615944  -0.07996277    -0.04663773   0.10754674
    2    2
  0.27556837   0.00000000     0.00577298   0.01201944     0.00473027   0.00160613
  0.00577298  -0.01201944     0.29188420   0.00000000     0.00921069  -0.00163178
  0.00473027  -0.00160613     0.00921069   0.00163178     0.26034481   0.00000000

     Dynamical  Matrix in cartesian axes

     q = (    0.625000000   0.375000000   0.875000000 ) 

    1    1
  0.26034481   0.00000000     0.00921069  -0.00163178     0.00473027   0.00160613
  0.00921069   0.00163178     0.29188420  -0.00000000     0.00577298   0.01201944
  0.00473027  -0.00160613     0.00577298  -0.01201944     0.27556837   0.00000000
    1    2
 -0.10902489  -0.04306917     0.08211081   0.03097363     0.08560447  -0.10197337
  0.08211081   0.03097363    -0.11757202  -0.04031811     0.05444325  -0.03423254
  0.08560447  -0.10197337     0.05444325  -0.03423254    -0.11828534  -0.04759298
    2    1
 -0.10902489   0.04306917     0.08211081  -0.03097363     0.08560447   0.10197337
  0.08211081  -0.03097363    -0.11757202   0.04031811     0.05444325   0.03423254
  0.08560447   0.10197337     0.05444325   0.03423254    -0.11828534   0.04759298
    2    2
  0.26034481   0.00000000     0.00921069   0.00163178     0.00473027  -0.00160613
  0.00921069  -0.00163178     0.29188420   0.00000000     0.00577298  -0.01201944
  0.00473027   0.00160613     0.00577298   0.01201944     0.27556837   0.00000000

     Dynamical  Matrix in cartesian axes

     q = (    0.875000000  -0.375000000  -0.625000000 ) 

    1    1
  0.27556837   0.00000000    -0.00577298   0.01201944    -0.00473027   0.00160613
 -0.00577298  -0.01201944     0.29188420  -0.00000000     0.00921069   0.00163178
 -0.00473027  -0.00160613     0.00921069  -0.00163178     0.26034481   0.00000000
    1    2
  0.04998705   0.11729369     0.06270325   0.01429114     0.13263756  -0.01157455
  0.06270325   0.01429114     0.05462676   0.11164519    -0.03615944  -0.07996277
  0.13263756  -0.01157455    -0.03615944  -0.07996277     0.04663773   0.10754674
    2    1
  0.04998705  -0.11729369     0.06270325  -0.01429114     0.13263756   0.01157455
  0.06270325  -0.01429114     0.05462676  -0.11164519    -0.03615944   0.07996277
  0.13263756   0.01157455    -0.03615944   0.07996277     0.04663773  -0.10754674
    2    2
  0.27556837  -0.00000000    -0.00577298  -0.01201944    -0.00473027  -0.00160613
 -0.00577298   0.01201944     0.29188420   0.00000000     0.00921069  -0.00163178
 -0.00473027   0.00160613     0.00921069   0.00163178     0.26034481   0.00000000

     Dynamical  Matrix in cartesian axes

     q = (    0.875000000  -0.375000000   0.625000000 ) 

    1    1
  0.27556837  -0.00000000    -0.00577298  -0.01201944     0.00473027   0.00160613
 -0.00577298   0.01201944     0.29188420   0.00000000    -0.00921069   0.00163178
  0.00473027  -0.00160613    -0.00921069  -0.00163178     0.26034481   0.00000000
    1    2
 -0.11828534   0.04759298    -0.05444325  -0.03423254     0.08560447   0.10197337
 -0.05444325  -0.03423254    -0.11757202   0.04031811    -0.08211081   0.03097363
  0.08560447   0.10197337    -0.08211081   0.03097363    -0.10902489   0.04306917
    2    1
 -0.11828534  -0.04759298    -0.05444325   0.03423254     0.08560447  -0.10197337
 -0.05444325   0.03423254    -0.11757202  -0.04031811    -0.08211081  -0.03097363
  0.08560447  -0.10197337    -0.08211081  -0.03097363    -0.10902489  -0.04306917
    2    2
  0.27556837   0.00000000    -0.00577298   0.01201944     0.00473027  -0.00160613
 -0.00577298  -0.01201944     0.29188420  -0.00000000    -0.00921069  -0.00163178
  0.00473027   0.00160613    -0.00921069   0.00163178     0.26034481   0.00000000

     Dynamical  Matrix in cartesian axes

     q = (   -0.875000000  -0.375000000   0.625000000 ) 

    1    1
  0.27556837  -0.00000000     0.00577298  -0.01201944    -0.00473027   0.00160613
  0.00577298   0.01201944     0.29188420  -0.00000000    -0.00921069  -0.00163178
 -0.00473027  -0.00160613    -0.00921069   0.00163178     0.26034481   0.00000000
    1    2
 -0.11729369   0.04998705     0.01429114  -0.06270325     0.01157455   0.13263756
  0.01429114  -0.06270325    -0.11164519   0.05462676    -0.07996277   0.03615944
  0.01157455   0.13263756    -0.07996277   0.03615944    -0.10754674   0.04663773
    2    1
 -0.11729369  -0.04998705     0.01429114   0.06270325     0.01157455  -0.13263756
  0.01429114   0.06270325    -0.11164519  -0.05462676    -0.07996277  -0.03615944
  0.01157455  -0.13263756    -0.07996277  -0.03615944    -0.10754674  -0.04663773
    2    2
  0.27556837   0.00000000     0.00577298   0.01201944    -0.00473027  -0.00160613
  0.00577298  -0.01201944     0.29188420   0.00000000    -0.00921069   0.00163178
 -0.00473027   0.00160613    -0.00921069  -0.00163178     0.26034481   0.00000000

     Dynamical  Matrix in cartesian axes

     q = (   -0.625000000  -0.375000000  -0.875000000 ) 

    1    1
  0.26034481   0.00000000     0.00921069   0.00163178     0.00473027  -0.00160613
  0.00921069  -0.00163178     0.29188420   0.00000000     0.00577298  -0.01201944
  0.00473027   0.00160613     0.00577298   0.01201944     0.27556837   0.00000000
    1    2
 -0.10902489   0.04306917     0.08211081  -0.03097363     0.08560447   0.10197337
  0.08211081  -0.03097363    -0.11757202   0.04031811     0.05444325   0.03423254
  0.08560447   0.10197337     0.05444325   0.03423254    -0.11828534   0.04759298
    2    1
 -0.10902489  -0.04306917     0.08211081   0.03097363     0.08560447  -0.10197337
  0.08211081   0.03097363    -0.11757202  -0.04031811     0.05444325  -0.03423254
  0.08560447  -0.10197337     0.05444325  -0.03423254    -0.11828534  -0.04759298
    2    2
  0.26034481   0.00000000     0.00921069  -0.00163178     0.00473027   0.00160613
  0.00921069   0.00163178     0.29188420  -0.00000000     0.00577298   0.01201944
  0.00473027  -0.00160613     0.00577298  -0.01201944     0.27556837   0.00000000

     Dynamical  Matrix in cartesian axes

     q = (   -0.875000000   0.375000000  -0.625000000 ) 

    1    1
  0.27556837   0.00000000    -0.00577298   0.01201944     0.00473027  -0.00160613
 -0.00577298  -0.01201944     0.29188420  -0.00000000    -0.00921069  -0.00163178
  0.00473027   0.00160613    -0.00921069   0.00163178     0.26034481   0.00000000
    1    2
 -0.11828534  -0.04759298    -0.05444325   0.03423254     0.08560447  -0.10197337
 -0.05444325   0.03423254    -0.11757202  -0.04031811    -0.08211081  -0.03097363
  0.08560447  -0.10197337    -0.08211081  -0.03097363    -0.10902489  -0.04306917
    2    1
 -0.11828534   0.04759298    -0.05444325  -0.03423254     0.08560447   0.10197337
 -0.05444325  -0.03423254    -0.11757202   0.04031811    -0.08211081   0.03097363
  0.08560447   0.10197337    -0.08211081   0.03097363    -0.10902489   0.04306917
    2    2
  0.27556837  -0.00000000    -0.00577298  -0.01201944     0.00473027   0.00160613
 -0.00577298   0.01201944     0.29188420   0.00000000    -0.00921069   0.00163178
  0.00473027  -0.00160613    -0.00921069  -0.00163178     0.26034481   0.00000000

     Dynamical  Matrix in cartesian axes

     q = (   -0.625000000  -0.375000000   0.875000000 ) 

    1    1
  0.26034481   0.00000000     0.00921069  -0.00163178    -0.00473027  -0.00160613
  0.00921069   0.00163178     0.29188420  -0.00000000    -0.00577298  -0.01201944
 -0.00473027   0.00160613    -0.00577298   0.01201944     0.27556837   0.00000000
    1    2
 -0.10754674   0.04663773     0.07996277  -0.03615944     0.01157455   0.13263756
  0.07996277  -0.03615944    -0.11164519   0.05462676    -0.01429114   0.06270325
  0.01157455   0.13263756    -0.01429114   0.06270325    -0.11729369   0.04998705
    2    1
 -0.10754674  -0.04663773     0.07996277   0.03615944     0.01157455  -0.13263756
  0.07996277   0.03615944    -0.11164519  -0.05462676    -0.01429114  -0.06270325
  0.01157455  -0.13263756    -0.01429114  -0.06270325    -0.11729369  -0.04998705
    2    2
  0.26034481   0.00000000     0.00921069   0.00163178    -0.00473027   0.00160613
  0.00921069  -0.00163178     0.29188420   0.00000000    -0.00577298   0.01201944
 -0.00473027  -0.00160613    -0.00577298  -0.01201944     0.27556837   0.00000000

     Dynamical  Matrix in cartesian axes

     q = (   -0.875000000   0.375000000   0.625000000 ) 

    1    1
  0.27556837  -0.00000000    -0.00577298  -0.01201944    -0.00473027  -0.00160613
 -0.00577298   0.01201944     0.29188420   0.00000000     0.00921069  -0.00163178
 -0.00473027   0.00160613     0.00921069   0.00163178     0.26034481   0.00000000
    1    2
  0.04998705  -0.11729369     0.06270325  -0.01429114     0.13263756   0.01157455
  0.06270325  -0.01429114     0.05462676  -0.11164519    -0.03615944   0.07996277
  0.13263756   0.01157455    -0.03615944   0.07996277     0.04663773  -0.10754674
    2    1
  0.04998705   0.11729369     0.06270325   0.01429114     0.13263756  -0.01157455
  0.06270325   0.01429114     0.05462676   0.11164519    -0.03615944  -0.07996277
  0.13263756  -0.01157455    -0.03615944  -0.07996277     0.04663773   0.10754674
    2    2
  0.27556837   0.00000000    -0.00577298   0.01201944    -0.00473027   0.00160613
 -0.00577298  -0.01201944     0.29188420  -0.00000000     0.00921069   0.00163178
 -0.00473027  -0.00160613     0.00921069  -0.00163178     0.26034481   0.00000000

     Dynamical  Matrix in cartesian axes

     q = (    0.875000000   0.375000000  -0.625000000 ) 

    1    1
  0.27556837   0.00000000     0.00577298   0.01201944    -0.00473027  -0.00160613
  0.00577298  -0.01201944     0.29188420   0.00000000    -0.00921069   0.00163178
 -0.00473027   0.00160613    -0.00921069  -0.00163178     0.26034481   0.00000000
    1    2
 -0.11729369  -0.04998705     0.01429114   0.06270325     0.01157455  -0.13263756
  0.01429114   0.06270325    -0.11164519  -0.05462676    -0.07996277  -0.03615944
  0.01157455  -0.13263756    -0.07996277  -0.03615944    -0.10754674  -0.04663773
    2    1
 -0.11729369   0.04998705     0.01429114  -0.06270325     0.01157455   0.13263756
  0.01429114  -0.06270325    -0.11164519   0.05462676    -0.07996277   0.03615944
  0.01157455   0.13263756    -0.07996277   0.03615944    -0.10754674   0.04663773
    2    2
  0.27556837  -0.00000000     0.00577298  -0.01201944    -0.00473027   0.00160613
  0.00577298   0.01201944     0.29188420  -0.00000000    -0.00921069  -0.00163178
 -0.00473027  -0.00160613    -0.00921069   0.00163178     0.26034481   0.00000000

     Dynamical  Matrix in cartesian axes

     q = (   -0.625000000   0.375000000   0.875000000 ) 

    1    1
  0.26034481   0.00000000    -0.00921069  -0.00163178    -0.00473027   0.00160613
 -0.00921069   0.00163178     0.29188420   0.00000000     0.00577298  -0.01201944
 -0.00473027  -0.00160613     0.00577298   0.01201944     0.27556837   0.00000000
    1    2
  0.04663773  -0.10754674     0.03615944  -0.07996277     0.13263756   0.01157455
  0.03615944  -0.07996277     0.05462676  -0.11164519    -0.06270325   0.01429114
  0.13263756   0.01157455    -0.06270325   0.01429114     0.04998705  -0.11729369
    2    1
  0.04663773   0.10754674     0.03615944   0.07996277     0.13263756  -0.01157455
  0.03615944   0.07996277     0.05462676   0.11164519    -0.06270325  -0.01429114
  0.13263756  -0.01157455    -0.06270325  -0.01429114     0.04998705   0.11729369
    2    2
  0.26034481   0.00000000    -0.00921069   0.00163178    -0.00473027  -0.00160613
 -0.00921069  -0.00163178     0.29188420  -0.00000000     0.00577298   0.01201944
 -0.00473027   0.00160613     0.00577298  -0.01201944     0.27556837   0.00000000

     Dynamical  Matrix in cartesian axes

     q = (   -0.875000000  -0.375000000  -0.625000000 ) 

    1    1
  0.27556837   0.00000000     0.00577298   0.01201944     0.00473027   0.00160613
  0.00577298  -0.01201944     0.29188420   0.00000000     0.00921069  -0.00163178
  0.00473027  -0.00160613     0.00921069   0.00163178     0.26034481   0.00000000
    1    2
 -0.04998705   0.11729369     0.06270325  -0.01429114     0.13263756   0.01157455
  0.06270325  -0.01429114    -0.05462676   0.11164519     0.03615944  -0.07996277
  0.13263756   0.01157455     0.03615944  -0.07996277    -0.04663773   0.10754674
    2    1
 -0.04998705  -0.11729369     0.06270325   0.01429114     0.13263756  -0.01157455
  0.06270325   0.01429114    -0.05462676  -0.11164519     0.03615944   0.07996277
  0.13263756  -0.01157455     0.03615944   0.07996277    -0.04663773  -0.10754674
    2    2
  0.27556837  -0.00000000     0.00577298  -0.01201944     0.00473027  -0.00160613
  0.00577298   0.01201944     0.29188420  -0.00000000     0.00921069   0.00163178
  0.00473027   0.00160613     0.00921069  -0.00163178     0.26034481   0.00000000

     Dynamical  Matrix in cartesian axes

     q = (    0.625000000   0.375000000  -0.875000000 ) 

    1    1
  0.26034481   0.00000000     0.00921069   0.00163178    -0.00473027   0.00160613
  0.00921069  -0.00163178     0.29188420   0.00000000    -0.00577298   0.01201944
 -0.00473027  -0.00160613    -0.00577298  -0.01201944     0.27556837   0.00000000
    1    2
 -0.10754674  -0.04663773     0.07996277   0.03615944     0.01157455  -0.13263756
  0.07996277   0.03615944    -0.11164519  -0.05462676    -0.01429114  -0.06270325
  0.01157455  -0.13263756    -0.01429114  -0.06270325    -0.11729369  -0.04998705
    2    1
 -0.10754674   0.04663773     0.07996277  -0.03615944     0.01157455   0.13263756
  0.07996277  -0.03615944    -0.11164519   0.05462676    -0.01429114   0.06270325
  0.01157455   0.13263756    -0.01429114   0.06270325    -0.11729369   0.04998705
    2    2
  0.26034481   0.00000000     0.00921069  -0.00163178    -0.00473027  -0.00160613
  0.00921069   0.00163178     0.29188420  -0.00000000    -0.00577298  -0.01201944
 -0.00473027   0.00160613    -0.00577298   0.01201944     0.27556837   0.00000000

     Dynamical  Matrix in cartesian axes

     q = (   -0.625000000   0.375000000  -0.875000000 ) 

    1    1
  0.26034481   0.00000000    -0.00921069   0.00163178     0.00473027   0.00160613
 -0.00921069  -0.00163178     0.29188420  -0.00000000    -0.00577298  -0.01201944
  0.00473027  -0.00160613    -0.00577298   0.01201944     0.27556837   0.00000000
    1    2
 -0.04663773  -0.10754674    -0.03615944  -0.07996277     0.13263756  -0.01157455
 -0.03615944  -0.07996277    -0.05462676  -0.11164519    -0.06270325  -0.01429114
  0.13263756  -0.01157455    -0.06270325  -0.01429114    -0.04998705  -0.11729369
    2    1
 -0.04663773   0.10754674    -0.03615944   0.07996277     0.13263756   0.01157455
 -0.03615944   0.07996277    -0.05462676   0.11164519    -0.06270325   0.01429114
  0.13263756   0.01157455    -0.06270325   0.01429114    -0.04998705   0.11729369
    2    2
  0.26034481   0.00000000    -0.00921069  -0.00163178     0.00473027  -0.00160613
 -0.00921069   0.00163178     0.29188420   0.00000000    -0.00577298   0.01201944
  0.00473027   0.00160613    -0.00577298  -0.01201944     0.27556837   0.00000000

     Dynamical  Matrix in cartesian axes

     q = (   -0.375000000   0.875000000   0.625000000 ) 

    1    1
  0.29188420   0.00000000    -0.00577298   0.01201944    -0.00921069   0.00163178
 -0.00577298  -0.01201944     0.27556837  -0.00000000     0.00473027   0.00160613
 -0.00921069  -0.00163178     0.00473027  -0.00160613     0.26034481   0.00000000
    1    2
  0.05462676  -0.11164519     0.06270325  -0.01429114     0.03615944  -0.07996277
  0.06270325  -0.01429114     0.04998705  -0.11729369    -0.13263756  -0.01157455
  0.03615944  -0.07996277    -0.13263756  -0.01157455     0.04663773  -0.10754674
    2    1
  0.05462676   0.11164519     0.06270325   0.01429114     0.03615944   0.07996277
  0.06270325   0.01429114     0.04998705   0.11729369    -0.13263756   0.01157455
  0.03615944   0.07996277    -0.13263756   0.01157455     0.04663773   0.10754674
    2    2
  0.29188420  -0.00000000    -0.00577298  -0.01201944    -0.00921069  -0.00163178
 -0.00577298   0.01201944     0.27556837   0.00000000     0.00473027  -0.00160613
 -0.00921069   0.00163178     0.00473027   0.00160613     0.26034481   0.00000000

     Dynamical  Matrix in cartesian axes

     q = (    0.375000000   0.875000000  -0.625000000 ) 

    1    1
  0.29188420   0.00000000     0.00577298  -0.01201944    -0.00921069   0.00163178
  0.00577298   0.01201944     0.27556837   0.00000000    -0.00473027  -0.00160613
 -0.00921069  -0.00163178    -0.00473027   0.00160613     0.26034481   0.00000000
    1    2
 -0.05462676   0.11164519     0.06270325  -0.01429114    -0.03615944   0.07996277
  0.06270325  -0.01429114    -0.04998705   0.11729369    -0.13263756  -0.01157455
 -0.03615944   0.07996277    -0.13263756  -0.01157455    -0.04663773   0.10754674
    2    1
 -0.05462676  -0.11164519     0.06270325   0.01429114    -0.03615944  -0.07996277
  0.06270325   0.01429114    -0.04998705  -0.11729369    -0.13263756   0.01157455
 -0.03615944  -0.07996277    -0.13263756   0.01157455    -0.04663773  -0.10754674
    2    2
  0.29188420  -0.00000000     0.00577298   0.01201944    -0.00921069  -0.00163178
  0.00577298  -0.01201944     0.27556837  -0.00000000    -0.00473027   0.00160613
 -0.00921069   0.00163178    -0.00473027  -0.00160613     0.26034481   0.00000000

     Dynamical  Matrix in cartesian axes

     q = (   -0.375000000  -0.875000000  -0.625000000 ) 

    1    1
  0.29188420   0.00000000     0.00577298  -0.01201944     0.00921069  -0.00163178
  0.00577298   0.01201944     0.27556837   0.00000000     0.00473027   0.00160613
  0.00921069   0.00163178     0.00473027  -0.00160613     0.26034481   0.00000000
    1    2
 -0.11164519  -0.05462676     0.01429114   0.06270325     0.07996277   0.03615944
  0.01429114   0.06270325    -0.11729369  -0.04998705    -0.01157455   0.13263756
  0.07996277   0.03615944    -0.01157455   0.13263756    -0.10754674  -0.04663773
    2    1
 -0.11164519   0.05462676     0.01429114  -0.06270325     0.07996277  -0.03615944
  0.01429114  -0.06270325    -0.11729369   0.04998705    -0.01157455  -0.13263756
  0.07996277  -0.03615944    -0.01157455  -0.13263756    -0.10754674   0.04663773
    2    2
  0.29188420  -0.00000000     0.00577298   0.01201944     0.00921069   0.00163178
  0.00577298  -0.01201944     0.27556837  -0.00000000     0.00473027  -0.00160613
  0.00921069  -0.00163178     0.00473027   0.00160613     0.26034481   0.00000000

     Dynamical  Matrix in cartesian axes

     q = (   -0.375000000   0.625000000  -0.875000000 ) 

    1    1
  0.29188420  -0.00000000    -0.00921069  -0.00163178     0.00577298   0.01201944
 -0.00921069   0.00163178     0.26034481   0.00000000    -0.00473027  -0.00160613
  0.00577298  -0.01201944    -0.00473027   0.00160613     0.27556837   0.00000000
    1    2
 -0.05462676  -0.11164519    -0.03615944  -0.07996277     0.06270325   0.01429114
 -0.03615944  -0.07996277    -0.04663773  -0.10754674    -0.13263756   0.01157455
  0.06270325   0.01429114    -0.13263756   0.01157455    -0.04998705  -0.11729369
    2    1
 -0.05462676   0.11164519    -0.03615944   0.07996277     0.06270325  -0.01429114
 -0.03615944   0.07996277    -0.04663773   0.10754674    -0.13263756  -0.01157455
  0.06270325  -0.01429114    -0.13263756  -0.01157455    -0.04998705   0.11729369
    2    2
  0.29188420   0.00000000    -0.00921069   0.00163178     0.00577298  -0.01201944
 -0.00921069  -0.00163178     0.26034481   0.00000000    -0.00473027   0.00160613
  0.00577298   0.01201944    -0.00473027  -0.00160613     0.27556837   0.00000000

     Dynamical  Matrix in cartesian axes

     q = (    0.875000000   0.625000000  -0.375000000 ) 

    1    1
  0.27556837   0.00000000     0.00473027   0.00160613    -0.00577298  -0.01201944
  0.00473027  -0.00160613     0.26034481  -0.00000000    -0.00921069  -0.00163178
 -0.00577298   0.01201944    -0.00921069   0.00163178     0.29188420   0.00000000
    1    2
 -0.11828534   0.04759298     0.08560447   0.10197337    -0.05444325  -0.03423254
  0.08560447   0.10197337    -0.10902489   0.04306917    -0.08211081   0.03097363
 -0.05444325  -0.03423254    -0.08211081   0.03097363    -0.11757202   0.04031811
    2    1
 -0.11828534  -0.04759298     0.08560447  -0.10197337    -0.05444325   0.03423254
  0.08560447  -0.10197337    -0.10902489  -0.04306917    -0.08211081  -0.03097363
 -0.05444325   0.03423254    -0.08211081  -0.03097363    -0.11757202  -0.04031811
    2    2
  0.27556837  -0.00000000     0.00473027  -0.00160613    -0.00577298   0.01201944
  0.00473027   0.00160613     0.26034481   0.00000000    -0.00921069   0.00163178
 -0.00577298  -0.01201944    -0.00921069  -0.00163178     0.29188420  -0.00000000

     Dynamical  Matrix in cartesian axes

     q = (   -0.375000000   0.875000000  -0.625000000 ) 

    1    1
  0.29188420  -0.00000000    -0.00577298  -0.01201944     0.00921069   0.00163178
 -0.00577298   0.01201944     0.27556837   0.00000000    -0.00473027   0.00160613
  0.00921069  -0.00163178    -0.00473027  -0.00160613     0.26034481   0.00000000
    1    2
 -0.11757202  -0.04031811    -0.05444325   0.03423254     0.08211081   0.03097363
 -0.05444325   0.03423254    -0.11828534  -0.04759298    -0.08560447   0.10197337
  0.08211081   0.03097363    -0.08560447   0.10197337    -0.10902489  -0.04306917
    2    1
 -0.11757202   0.04031811    -0.05444325  -0.03423254     0.08211081  -0.03097363
 -0.05444325  -0.03423254    -0.11828534   0.04759298    -0.08560447  -0.10197337
  0.08211081  -0.03097363    -0.08560447  -0.10197337    -0.10902489   0.04306917
    2    2
  0.29188420   0.00000000    -0.00577298   0.01201944     0.00921069  -0.00163178
 -0.00577298  -0.01201944     0.27556837  -0.00000000    -0.00473027  -0.00160613
  0.00921069   0.00163178    -0.00473027   0.00160613     0.26034481   0.00000000

     Dynamical  Matrix in cartesian axes

     q = (   -0.875000000  -0.625000000  -0.375000000 ) 

    1    1
  0.27556837  -0.00000000     0.00473027   0.00160613     0.00577298   0.01201944
  0.00473027  -0.00160613     0.26034481  -0.00000000     0.00921069   0.00163178
  0.00577298  -0.01201944     0.00921069  -0.00163178     0.29188420   0.00000000
    1    2
 -0.04998705   0.11729369     0.13263756   0.01157455     0.06270325  -0.01429114
  0.13263756   0.01157455    -0.04663773   0.10754674     0.03615944  -0.07996277
  0.06270325  -0.01429114     0.03615944  -0.07996277    -0.05462676   0.11164519
    2    1
 -0.04998705  -0.11729369     0.13263756  -0.01157455     0.06270325   0.01429114
  0.13263756  -0.01157455    -0.04663773  -0.10754674     0.03615944   0.07996277
  0.06270325   0.01429114     0.03615944   0.07996277    -0.05462676  -0.11164519
    2    2
  0.27556837   0.00000000     0.00473027  -0.00160613     0.00577298  -0.01201944
  0.00473027   0.00160613     0.26034481   0.00000000     0.00921069  -0.00163178
  0.00577298   0.01201944     0.00921069   0.00163178     0.29188420  -0.00000000

     Dynamical  Matrix in cartesian axes

     q = (   -0.875000000   0.625000000   0.375000000 ) 

    1    1
  0.27556837   0.00000000    -0.00473027  -0.00160613    -0.00577298  -0.01201944
 -0.00473027   0.00160613     0.26034481   0.00000000     0.00921069   0.00163178
 -0.00577298   0.01201944     0.00921069  -0.00163178     0.29188420   0.00000000
    1    2
  0.04998705  -0.11729369     0.13263756   0.01157455     0.06270325  -0.01429114
  0.13263756   0.01157455     0.04663773  -0.10754674    -0.03615944   0.07996277
  0.06270325  -0.01429114    -0.03615944   0.07996277     0.05462676  -0.11164519
    2    1
  0.04998705   0.11729369     0.13263756  -0.01157455     0.06270325   0.01429114
  0.13263756  -0.01157455     0.04663773   0.10754674    -0.03615944  -0.07996277
  0.06270325   0.01429114    -0.03615944  -0.07996277     0.05462676   0.11164519
    2    2
  0.27556837  -0.00000000    -0.00473027   0.00160613    -0.00577298   0.01201944
 -0.00473027  -0.00160613     0.26034481   0.00000000     0.00921069  -0.00163178
 -0.00577298  -0.01201944     0.00921069   0.00163178     0.29188420  -0.00000000

     Dynamical  Matrix in cartesian axes

     q = (    0.375000000  -0.625000000   0.875000000 ) 

    1    1
  0.29188420   0.00000000    -0.00921069   0.00163178     0.00577298  -0.01201944
 -0.00921069  -0.00163178     0.26034481   0.00000000    -0.00473027   0.00160613
  0.00577298   0.01201944    -0.00473027  -0.00160613     0.27556837   0.00000000
    1    2
 -0.05462676   0.11164519    -0.03615944   0.07996277     0.06270325  -0.01429114
 -0.03615944   0.07996277    -0.04663773   0.10754674    -0.13263756  -0.01157455
  0.06270325  -0.01429114    -0.13263756  -0.01157455    -0.04998705   0.11729369
    2    1
 -0.05462676  -0.11164519    -0.03615944  -0.07996277     0.06270325   0.01429114
 -0.03615944  -0.07996277    -0.04663773  -0.10754674    -0.13263756   0.01157455
  0.06270325   0.01429114    -0.13263756   0.01157455    -0.04998705  -0.11729369
    2    2
  0.29188420  -0.00000000    -0.00921069  -0.00163178     0.00577298   0.01201944
 -0.00921069   0.00163178     0.26034481   0.00000000    -0.00473027  -0.00160613
  0.00577298  -0.01201944    -0.00473027   0.00160613     0.27556837   0.00000000

     Dynamical  Matrix in cartesian axes

     q = (    0.375000000  -0.875000000   0.625000000 ) 

    1    1
  0.29188420   0.00000000    -0.00577298   0.01201944     0.00921069  -0.00163178
 -0.00577298  -0.01201944     0.27556837  -0.00000000    -0.00473027  -0.00160613
  0.00921069   0.00163178    -0.00473027   0.00160613     0.26034481   0.00000000
    1    2
 -0.11757202   0.04031811    -0.05444325  -0.03423254     0.08211081  -0.03097363
 -0.05444325  -0.03423254    -0.11828534   0.04759298    -0.08560447  -0.10197337
  0.08211081  -0.03097363    -0.08560447  -0.10197337    -0.10902489   0.04306917
    2    1
 -0.11757202  -0.04031811    -0.05444325   0.03423254     0.08211081   0.03097363
 -0.05444325   0.03423254    -0.11828534  -0.04759298    -0.08560447   0.10197337
  0.08211081   0.03097363    -0.08560447   0.10197337    -0.10902489  -0.04306917
    2    2
  0.29188420  -0.00000000    -0.00577298  -0.01201944     0.00921069   0.00163178
 -0.00577298   0.01201944     0.27556837   0.00000000    -0.00473027   0.00160613
  0.00921069  -0.00163178    -0.00473027  -0.00160613     0.26034481   0.00000000

     Dynamical  Matrix in cartesian axes

     q = (    0.625000000  -0.875000000   0.375000000 ) 

    1    1
  0.26034481   0.00000000    -0.00473027   0.00160613     0.00921069   0.00163178
 -0.00473027  -0.00160613     0.27556837   0.00000000    -0.00577298  -0.01201944
  0.00921069  -0.00163178    -0.00577298   0.01201944     0.29188420   0.00000000
    1    2
 -0.10754674  -0.04663773     0.01157455  -0.13263756     0.07996277   0.03615944
  0.01157455  -0.13263756    -0.11729369  -0.04998705    -0.01429114  -0.06270325
  0.07996277   0.03615944    -0.01429114  -0.06270325    -0.11164519  -0.05462676
    2    1
 -0.10754674   0.04663773     0.01157455   0.13263756     0.07996277  -0.03615944
  0.01157455   0.13263756    -0.11729369   0.04998705    -0.01429114   0.06270325
  0.07996277  -0.03615944    -0.01429114   0.06270325    -0.11164519   0.05462676
    2    2
  0.26034481   0.00000000    -0.00473027  -0.00160613     0.00921069  -0.00163178
 -0.00473027   0.00160613     0.27556837   0.00000000    -0.00577298   0.01201944
  0.00921069   0.00163178    -0.00577298  -0.01201944     0.29188420  -0.00000000

     Dynamical  Matrix in cartesian axes

     q = (   -0.875000000   0.625000000  -0.375000000 ) 

    1    1
  0.27556837   0.00000000    -0.00473027   0.00160613     0.00577298  -0.01201944
 -0.00473027  -0.00160613     0.26034481   0.00000000    -0.00921069   0.00163178
  0.00577298   0.01201944    -0.00921069  -0.00163178     0.29188420  -0.00000000
    1    2
 -0.11729369   0.04998705     0.01157455   0.13263756     0.01429114  -0.06270325
  0.01157455   0.13263756    -0.10754674   0.04663773    -0.07996277   0.03615944
  0.01429114  -0.06270325    -0.07996277   0.03615944    -0.11164519   0.05462676
    2    1
 -0.11729369  -0.04998705     0.01157455  -0.13263756     0.01429114   0.06270325
  0.01157455  -0.13263756    -0.10754674  -0.04663773    -0.07996277  -0.03615944
  0.01429114   0.06270325    -0.07996277  -0.03615944    -0.11164519  -0.05462676
    2    2
  0.27556837  -0.00000000    -0.00473027  -0.00160613     0.00577298   0.01201944
 -0.00473027   0.00160613     0.26034481   0.00000000    -0.00921069  -0.00163178
  0.00577298  -0.01201944    -0.00921069   0.00163178     0.29188420   0.00000000

     Dynamical  Matrix in cartesian axes

     q = (    0.375000000   0.625000000   0.875000000 ) 

    1    1
  0.29188420  -0.00000000     0.00921069   0.00163178     0.00577298   0.01201944
  0.00921069  -0.00163178     0.26034481   0.00000000     0.00473027   0.00160613
  0.00577298  -0.01201944     0.00473027  -0.00160613     0.27556837   0.00000000
    1    2
 -0.11164519   0.05462676     0.07996277  -0.03615944     0.01429114  -0.06270325
  0.07996277  -0.03615944    -0.10754674   0.04663773    -0.01157455  -0.13263756
  0.01429114  -0.06270325    -0.01157455  -0.13263756    -0.11729369   0.04998705
    2    1
 -0.11164519  -0.05462676     0.07996277   0.03615944     0.01429114   0.06270325
  0.07996277   0.03615944    -0.10754674  -0.04663773    -0.01157455   0.13263756
  0.01429114   0.06270325    -0.01157455   0.13263756    -0.11729369  -0.04998705
    2    2
  0.29188420   0.00000000     0.00921069  -0.00163178     0.00577298  -0.01201944
  0.00921069   0.00163178     0.26034481   0.00000000     0.00473027  -0.00160613
  0.00577298   0.01201944     0.00473027   0.00160613     0.27556837  -0.00000000

     Dynamical  Matrix in cartesian axes

     q = (   -0.375000000   0.625000000   0.875000000 ) 

    1    1
  0.29188420   0.00000000    -0.00921069   0.00163178    -0.00577298   0.01201944
 -0.00921069  -0.00163178     0.26034481   0.00000000     0.00473027  -0.00160613
 -0.00577298  -0.01201944     0.00473027   0.00160613     0.27556837   0.00000000
    1    2
  0.05462676  -0.11164519     0.03615944  -0.07996277     0.06270325  -0.01429114
  0.03615944  -0.07996277     0.04663773  -0.10754674    -0.13263756  -0.01157455
  0.06270325  -0.01429114    -0.13263756  -0.01157455     0.04998705  -0.11729369
    2    1
  0.05462676   0.11164519     0.03615944   0.07996277     0.06270325   0.01429114
  0.03615944   0.07996277     0.04663773   0.10754674    -0.13263756   0.01157455
  0.06270325   0.01429114    -0.13263756   0.01157455     0.04998705   0.11729369
    2    2
  0.29188420  -0.00000000    -0.00921069  -0.00163178    -0.00577298  -0.01201944
 -0.00921069   0.00163178     0.26034481   0.00000000     0.00473027   0.00160613
 -0.00577298   0.01201944     0.00473027  -0.00160613     0.27556837   0.00000000

     Dynamical  Matrix in cartesian axes

     q = (    0.375000000   0.625000000  -0.875000000 ) 

    1    1
  0.29188420   0.00000000     0.00921069  -0.00163178    -0.00577298   0.01201944
  0.00921069   0.00163178     0.26034481   0.00000000    -0.00473027   0.00160613
 -0.00577298  -0.01201944    -0.00473027  -0.00160613     0.27556837   0.00000000
    1    2
 -0.11757202   0.04031811     0.08211081  -0.03097363    -0.05444325  -0.03423254
  0.08211081  -0.03097363    -0.10902489   0.04306917    -0.08560447  -0.10197337
 -0.05444325  -0.03423254    -0.08560447  -0.10197337    -0.11828534   0.04759298
    2    1
 -0.11757202  -0.04031811     0.08211081   0.03097363    -0.05444325   0.03423254
  0.08211081   0.03097363    -0.10902489  -0.04306917    -0.08560447   0.10197337
 -0.05444325   0.03423254    -0.08560447   0.10197337    -0.11828534  -0.04759298
    2    2
  0.29188420  -0.00000000     0.00921069   0.00163178    -0.00577298  -0.01201944
  0.00921069  -0.00163178     0.26034481   0.00000000    -0.00473027  -0.00160613
 -0.00577298   0.01201944    -0.00473027   0.00160613     0.27556837  -0.00000000

     Dynamical  Matrix in cartesian axes

     q = (   -0.375000000  -0.625000000  -0.875000000 ) 

    1    1
  0.29188420   0.00000000     0.00921069  -0.00163178     0.00577298  -0.01201944
  0.00921069   0.00163178     0.26034481   0.00000000     0.00473027  -0.00160613
  0.00577298   0.01201944     0.00473027   0.00160613     0.27556837  -0.00000000
    1    2
 -0.11164519  -0.05462676     0.07996277   0.03615944     0.01429114   0.06270325
  0.07996277   0.03615944    -0.10754674  -0.04663773    -0.01157455   0.13263756
  0.01429114   0.06270325    -0.01157455   0.13263756    -0.11729369  -0.04998705
    2    1
 -0.11164519   0.05462676     0.07996277  -0.03615944     0.01429114  -0.06270325
  0.07996277  -0.03615944    -0.10754674   0.04663773    -0.01157455  -0.13263756
  0.01429114  -0.06270325    -0.01157455  -0.13263756    -0.11729369   0.04998705
    2    2
  0.29188420  -0.00000000     0.00921069   0.00163178     0.00577298   0.01201944
  0.00921069  -0.00163178     0.26034481   0.00000000     0.00473027   0.00160613
  0.00577298  -0.01201944     0.00473027  -0.00160613     0.27556837   0.00000000

     Dynamical  Matrix in cartesian axes

     q = (   -0.625000000  -0.875000000   0.375000000 ) 

    1    1
  0.26034481   0.00000000     0.00473027   0.00160613    -0.00921069   0.00163178
  0.00473027  -0.00160613     0.27556837   0.00000000    -0.00577298   0.01201944
 -0.00921069  -0.00163178    -0.00577298  -0.01201944     0.29188420  -0.00000000
    1    2
 -0.04663773  -0.10754674     0.13263756  -0.01157455    -0.03615944  -0.07996277
  0.13263756  -0.01157455    -0.04998705  -0.11729369    -0.06270325  -0.01429114
 -0.03615944  -0.07996277    -0.06270325  -0.01429114    -0.05462676  -0.11164519
    2    1
 -0.04663773   0.10754674     0.13263756   0.01157455    -0.03615944   0.07996277
  0.13263756   0.01157455    -0.04998705   0.11729369    -0.06270325   0.01429114
 -0.03615944   0.07996277    -0.06270325   0.01429114    -0.05462676   0.11164519
    2    2
  0.26034481  -0.00000000     0.00473027  -0.00160613    -0.00921069  -0.00163178
  0.00473027   0.00160613     0.27556837  -0.00000000    -0.00577298  -0.01201944
 -0.00921069   0.00163178    -0.00577298   0.01201944     0.29188420   0.00000000

     Dynamical  Matrix in cartesian axes

     q = (   -0.375000000  -0.625000000   0.875000000 ) 

    1    1
  0.29188420  -0.00000000     0.00921069   0.00163178    -0.00577298  -0.01201944
  0.00921069  -0.00163178     0.26034481   0.00000000    -0.00473027  -0.00160613
 -0.00577298   0.01201944    -0.00473027   0.00160613     0.27556837  -0.00000000
    1    2
 -0.11757202  -0.04031811     0.08211081   0.03097363    -0.05444325   0.03423254
  0.08211081   0.03097363    -0.10902489  -0.04306917    -0.08560447   0.10197337
 -0.05444325   0.03423254    -0.08560447   0.10197337    -0.11828534  -0.04759298
    2    1
 -0.11757202   0.04031811     0.08211081  -0.03097363    -0.05444325  -0.03423254
  0.08211081  -0.03097363    -0.10902489   0.04306917    -0.08560447  -0.10197337
 -0.05444325  -0.03423254    -0.08560447  -0.10197337    -0.11828534   0.04759298
    2    2
  0.29188420   0.00000000     0.00921069  -0.00163178    -0.00577298   0.01201944
  0.00921069   0.00163178     0.26034481   0.00000000    -0.00473027   0.00160613
 -0.00577298  -0.01201944    -0.00473027  -0.00160613     0.27556837   0.00000000

     Dynamical  Matrix in cartesian axes

     q = (    0.875000000  -0.625000000   0.375000000 ) 

    1    1
  0.27556837  -0.00000000    -0.00473027  -0.00160613     0.00577298   0.01201944
 -0.00473027   0.00160613     0.26034481   0.00000000    -0.00921069  -0.00163178
  0.00577298  -0.01201944    -0.00921069   0.00163178     0.29188420   0.00000000
    1    2
 -0.11729369  -0.04998705     0.01157455  -0.13263756     0.01429114   0.06270325
  0.01157455  -0.13263756    -0.10754674  -0.04663773    -0.07996277  -0.03615944
  0.01429114   0.06270325    -0.07996277  -0.03615944    -0.11164519  -0.05462676
    2    1
 -0.11729369   0.04998705     0.01157455   0.13263756     0.01429114  -0.06270325
  0.01157455   0.13263756    -0.10754674   0.04663773    -0.07996277   0.03615944
  0.01429114  -0.06270325    -0.07996277   0.03615944    -0.11164519   0.05462676
    2    2
  0.27556837   0.00000000    -0.00473027   0.00160613     0.00577298  -0.01201944
 -0.00473027  -0.00160613     0.26034481   0.00000000    -0.00921069   0.00163178
  0.00577298   0.01201944    -0.00921069  -0.00163178     0.29188420  -0.00000000

     Dynamical  Matrix in cartesian axes

     q = (    0.625000000   0.875000000   0.375000000 ) 

    1    1
