Dynamical matrix file
default                                                                    
  1    2   2  10.2273000   0.0000000   0.0000000   0.0000000   0.0000000   0.0000000
           1  'Si  '    25598.3672898282     
    1    1     -0.2500000000      0.2500000000      0.2500000000
    2    1     -0.5000000000      0.5000000000      0.5000000000

     Dynamical  Matrix in cartesian axes

     q = (    0.375000000  -0.125000000   0.375000000 ) 

    1    1
  0.27819143   0.00000000    -0.00727290  -0.00520840     0.01078328   0.00000000
 -0.00727290   0.00520840     0.28120810   0.00000000    -0.00727290   0.00520840
  0.01078328   0.00000000    -0.00727290  -0.00520840     0.27819143   0.00000000
    1    2
 -0.18129039  -0.01390108    -0.03342721   0.07929485     0.06072414  -0.01561558
 -0.03342721   0.07929485    -0.19073112  -0.01588844    -0.03342721   0.07929485
  0.06072414  -0.01561558    -0.03342721   0.07929485    -0.18129039  -0.01390108
    2    1
 -0.18129039   0.01390108    -0.03342721  -0.07929485     0.06072414   0.01561558
 -0.03342721  -0.07929485    -0.19073112   0.01588844    -0.03342721  -0.07929485
  0.06072414   0.01561558    -0.03342721  -0.07929485    -0.18129039   0.01390108
    2    2
  0.27819143   0.00000000    -0.00727290   0.00520840     0.01078328   0.00000000
 -0.00727290  -0.00520840     0.28120810   0.00000000    -0.00727290  -0.00520840
  0.01078328   0.00000000    -0.00727290   0.00520840     0.27819143   0.00000000

     Dynamical  Matrix in cartesian axes

     q = (    0.375000000  -0.125000000  -0.375000000 ) 

    1    1
  0.27819143   0.00000000    -0.00727290   0.00520840    -0.01078328   0.00000000
 -0.00727290  -0.00520840     0.28120810   0.00000000     0.00727290   0.00520840
 -0.01078328   0.00000000     0.00727290  -0.00520840     0.27819143   0.00000000
    1    2
 -0.01390108  -0.18129039     0.07929485  -0.03342721     0.01561558  -0.06072414
  0.07929485  -0.03342721    -0.01588844  -0.19073112    -0.07929485   0.03342721
  0.01561558  -0.06072414    -0.07929485   0.03342721    -0.01390108  -0.18129039
    2    1
 -0.01390108   0.18129039     0.07929485   0.03342721     0.01561558   0.06072414
  0.07929485   0.03342721    -0.01588844   0.19073112    -0.07929485  -0.03342721
  0.01561558   0.06072414    -0.07929485  -0.03342721    -0.01390108   0.18129039
    2    2
  0.27819143   0.00000000    -0.00727290  -0.00520840    -0.01078328   0.00000000
 -0.00727290   0.00520840     0.28120810   0.00000000     0.00727290  -0.00520840
 -0.01078328   0.00000000     0.00727290   0.00520840     0.27819143   0.00000000

     Dynamical  Matrix in cartesian axes

     q = (   -0.375000000  -0.125000000   0.375000000 ) 

    1    1
  0.27819143   0.00000000     0.00727290  -0.00520840    -0.01078328   0.00000000
  0.00727290   0.00520840     0.28120810   0.00000000    -0.00727290  -0.00520840
 -0.01078328   0.00000000    -0.00727290   0.00520840     0.27819143   0.00000000
    1    2
 -0.11836212   0.13802121     0.07970653   0.03243332    -0.05398033   0.03189657
  0.07970653   0.03243332    -0.12363244   0.14610209    -0.07970653  -0.03243332
 -0.05398033   0.03189657    -0.07970653  -0.03243332    -0.11836212   0.13802121
    2    1
 -0.11836212  -0.13802121     0.07970653  -0.03243332    -0.05398033  -0.03189657
  0.07970653  -0.03243332    -0.12363244  -0.14610209    -0.07970653   0.03243332
 -0.05398033  -0.03189657    -0.07970653   0.03243332    -0.11836212  -0.13802121
    2    2
  0.27819143   0.00000000     0.00727290   0.00520840    -0.01078328   0.00000000
  0.00727290  -0.00520840     0.28120810   0.00000000    -0.00727290   0.00520840
 -0.01078328   0.00000000    -0.00727290  -0.00520840     0.27819143   0.00000000

     Dynamical  Matrix in cartesian axes

     q = (   -0.375000000  -0.125000000  -0.375000000 ) 

    1    1
  0.27819143   0.00000000     0.00727290   0.00520840     0.01078328   0.00000000
  0.00727290  -0.00520840     0.28120810   0.00000000     0.00727290  -0.00520840
  0.01078328   0.00000000     0.00727290   0.00520840     0.27819143   0.00000000
    1    2
 -0.18129039  -0.01390108     0.03342721  -0.07929485     0.06072414  -0.01561558
  0.03342721  -0.07929485    -0.19073112  -0.01588844     0.03342721  -0.07929485
  0.06072414  -0.01561558     0.03342721  -0.07929485    -0.18129039  -0.01390108
    2    1
 -0.18129039   0.01390108     0.03342721   0.07929485     0.06072414   0.01561558
  0.03342721   0.07929485    -0.19073112   0.01588844     0.03342721   0.07929485
  0.06072414   0.01561558     0.03342721   0.07929485    -0.18129039   0.01390108
    2    2
  0.27819143   0.00000000     0.00727290  -0.00520840     0.01078328   0.00000000
  0.00727290   0.00520840     0.28120810   0.00000000     0.00727290   0.00520840
  0.01078328   0.00000000     0.00727290  -0.00520840     0.27819143   0.00000000

     Dynamical  Matrix in cartesian axes

     q = (   -0.375000000   0.125000000  -0.375000000 ) 

    1    1
  0.27819143   0.00000000    -0.00727290   0.00520840     0.01078328   0.00000000
 -0.00727290  -0.00520840     0.28120810   0.00000000    -0.00727290  -0.00520840
  0.01078328   0.00000000    -0.00727290   0.00520840     0.27819143   0.00000000
    1    2
 -0.18129039   0.01390108    -0.03342721  -0.07929485     0.06072414   0.01561558
 -0.03342721  -0.07929485    -0.19073112   0.01588844    -0.03342721  -0.07929485
  0.06072414   0.01561558    -0.03342721  -0.07929485    -0.18129039   0.01390108
    2    1
 -0.18129039  -0.01390108    -0.03342721   0.07929485     0.06072414  -0.01561558
 -0.03342721   0.07929485    -0.19073112  -0.01588844    -0.03342721   0.07929485
  0.06072414  -0.01561558    -0.03342721   0.07929485    -0.18129039  -0.01390108
    2    2
  0.27819143   0.00000000    -0.00727290  -0.00520840     0.01078328   0.00000000
 -0.00727290   0.00520840     0.28120810   0.00000000    -0.00727290   0.00520840
  0.01078328   0.00000000    -0.00727290  -0.00520840     0.27819143   0.00000000

     Dynamical  Matrix in cartesian axes

     q = (   -0.125000000   0.375000000  -0.375000000 ) 

    1    1
  0.28120810   0.00000000    -0.00727290  -0.00520840     0.00727290   0.00520840
 -0.00727290   0.00520840     0.27819143   0.00000000    -0.01078328   0.00000000
  0.00727290  -0.00520840    -0.01078328   0.00000000     0.27819143   0.00000000
    1    2
 -0.19073112   0.01588844    -0.03342721  -0.07929485     0.03342721   0.07929485
 -0.03342721  -0.07929485    -0.18129039   0.01390108    -0.06072414  -0.01561558
  0.03342721   0.07929485    -0.06072414  -0.01561558    -0.18129039   0.01390108
    2    1
 -0.19073112  -0.01588844    -0.03342721   0.07929485     0.03342721  -0.07929485
 -0.03342721   0.07929485    -0.18129039  -0.01390108    -0.06072414   0.01561558
  0.03342721  -0.07929485    -0.06072414   0.01561558    -0.18129039  -0.01390108
    2    2
  0.28120810   0.00000000    -0.00727290   0.00520840     0.00727290  -0.00520840
 -0.00727290  -0.00520840     0.27819143   0.00000000    -0.01078328   0.00000000
  0.00727290   0.00520840    -0.01078328   0.00000000     0.27819143   0.00000000

     Dynamical  Matrix in cartesian axes

     q = (   -0.375000000   0.375000000  -0.125000000 ) 

    1    1
  0.27819143   0.00000000    -0.01078328   0.00000000     0.00727290  -0.00520840
 -0.01078328   0.00000000     0.27819143   0.00000000    -0.00727290   0.00520840
  0.00727290   0.00520840    -0.00727290  -0.00520840     0.28120810   0.00000000
    1    2
 -0.11836212   0.13802121    -0.05398033   0.03189657     0.07970653   0.03243332
 -0.05398033   0.03189657    -0.11836212   0.13802121    -0.07970653  -0.03243332
  0.07970653   0.03243332    -0.07970653  -0.03243332    -0.12363244   0.14610209
    2    1
 -0.11836212  -0.13802121    -0.05398033  -0.03189657     0.07970653  -0.03243332
 -0.05398033  -0.03189657    -0.11836212  -0.13802121    -0.07970653   0.03243332
  0.07970653  -0.03243332    -0.07970653   0.03243332    -0.12363244  -0.14610209
    2    2
  0.27819143   0.00000000    -0.01078328   0.00000000     0.00727290   0.00520840
 -0.01078328   0.00000000     0.27819143   0.00000000    -0.00727290  -0.00520840
  0.00727290  -0.00520840    -0.00727290   0.00520840     0.28120810   0.00000000

     Dynamical  Matrix in cartesian axes

     q = (    0.375000000   0.125000000   0.375000000 ) 

    1    1
  0.27819143   0.00000000     0.00727290  -0.00520840     0.01078328   0.00000000
  0.00727290   0.00520840     0.28120810   0.00000000     0.00727290   0.00520840
  0.01078328   0.00000000     0.00727290  -0.00520840     0.27819143   0.00000000
    1    2
 -0.18129039   0.01390108     0.03342721   0.07929485     0.06072414   0.01561558
  0.03342721   0.07929485    -0.19073112   0.01588844     0.03342721   0.07929485
  0.06072414   0.01561558     0.03342721   0.07929485    -0.18129039   0.01390108
    2    1
 -0.18129039  -0.01390108     0.03342721  -0.07929485     0.06072414  -0.01561558
  0.03342721  -0.07929485    -0.19073112  -0.01588844     0.03342721  -0.07929485
  0.06072414  -0.01561558     0.03342721  -0.07929485    -0.18129039  -0.01390108
    2    2
  0.27819143   0.00000000     0.00727290   0.00520840     0.01078328   0.00000000
  0.00727290  -0.00520840     0.28120810   0.00000000     0.00727290  -0.00520840
  0.01078328   0.00000000     0.00727290   0.00520840     0.27819143   0.00000000

     Dynamical  Matrix in cartesian axes

     q = (   -0.375000000   0.125000000   0.375000000 ) 

    1    1
  0.27819143   0.00000000    -0.00727290  -0.00520840    -0.01078328   0.00000000
 -0.00727290   0.00520840     0.28120810   0.00000000     0.00727290  -0.00520840
 -0.01078328   0.00000000     0.00727290   0.00520840     0.27819143   0.00000000
    1    2
 -0.01390108   0.18129039     0.07929485   0.03342721     0.01561558   0.06072414
  0.07929485   0.03342721    -0.01588844   0.19073112    -0.07929485  -0.03342721
  0.01561558   0.06072414    -0.07929485  -0.03342721    -0.01390108   0.18129039
    2    1
 -0.01390108  -0.18129039     0.07929485  -0.03342721     0.01561558  -0.06072414
  0.07929485  -0.03342721    -0.01588844  -0.19073112    -0.07929485   0.03342721
  0.01561558  -0.06072414    -0.07929485   0.03342721    -0.01390108  -0.18129039
    2    2
  0.27819143   0.00000000    -0.00727290   0.00520840    -0.01078328   0.00000000
 -0.00727290  -0.00520840     0.28120810   0.00000000     0.00727290   0.00520840
 -0.01078328   0.00000000     0.00727290  -0.00520840     0.27819143   0.00000000

     Dynamical  Matrix in cartesian axes

     q = (    0.375000000   0.125000000  -0.375000000 ) 

    1    1
  0.27819143   0.00000000     0.00727290   0.00520840    -0.01078328   0.00000000
  0.00727290  -0.00520840     0.28120810   0.00000000    -0.00727290   0.00520840
 -0.01078328   0.00000000    -0.00727290  -0.00520840     0.27819143   0.00000000
    1    2
 -0.11836212  -0.13802121     0.07970653  -0.03243332    -0.05398033  -0.03189657
  0.07970653  -0.03243332    -0.12363244  -0.14610209    -0.07970653   0.03243332
 -0.05398033  -0.03189657    -0.07970653   0.03243332    -0.11836212  -0.13802121
    2    1
 -0.11836212   0.13802121     0.07970653   0.03243332    -0.05398033   0.03189657
  0.07970653   0.03243332    -0.12363244   0.14610209    -0.07970653  -0.03243332
 -0.05398033   0.03189657    -0.07970653  -0.03243332    -0.11836212   0.13802121
    2    2
  0.27819143   0.00000000     0.00727290  -0.00520840    -0.01078328   0.00000000
  0.00727290   0.00520840     0.28120810   0.00000000    -0.00727290  -0.00520840
 -0.01078328   0.00000000    -0.00727290   0.00520840     0.27819143   0.00000000

     Dynamical  Matrix in cartesian axes

     q = (   -0.375000000   0.375000000   0.125000000 ) 

    1    1
  0.27819143   0.00000000    -0.01078328   0.00000000    -0.00727290  -0.00520840
 -0.01078328   0.00000000     0.27819143   0.00000000     0.00727290   0.00520840
 -0.00727290   0.00520840     0.00727290  -0.00520840     0.28120810   0.00000000
    1    2
 -0.01390108   0.18129039     0.01561558   0.06072414     0.07929485   0.03342721
  0.01561558   0.06072414    -0.01390108   0.18129039    -0.07929485  -0.03342721
  0.07929485   0.03342721    -0.07929485  -0.03342721    -0.01588844   0.19073112
    2    1
 -0.01390108  -0.18129039     0.01561558  -0.06072414     0.07929485  -0.03342721
  0.01561558  -0.06072414    -0.01390108  -0.18129039    -0.07929485   0.03342721
  0.07929485  -0.03342721    -0.07929485   0.03342721    -0.01588844  -0.19073112
    2    2
  0.27819143   0.00000000    -0.01078328   0.00000000    -0.00727290   0.00520840
 -0.01078328   0.00000000     0.27819143   0.00000000     0.00727290  -0.00520840
 -0.00727290  -0.00520840     0.00727290   0.00520840     0.28120810   0.00000000

     Dynamical  Matrix in cartesian axes

     q = (   -0.125000000   0.375000000   0.375000000 ) 

    1    1
  0.28120810   0.00000000    -0.00727290   0.00520840    -0.00727290   0.00520840
 -0.00727290  -0.00520840     0.27819143   0.00000000     0.01078328   0.00000000
 -0.00727290  -0.00520840     0.01078328   0.00000000     0.27819143   0.00000000
    1    2
 -0.01588844   0.19073112     0.07929485   0.03342721     0.07929485   0.03342721
  0.07929485   0.03342721    -0.01390108   0.18129039    -0.01561558  -0.06072414
  0.07929485   0.03342721    -0.01561558  -0.06072414    -0.01390108   0.18129039
    2    1
 -0.01588844  -0.19073112     0.07929485  -0.03342721     0.07929485  -0.03342721
  0.07929485  -0.03342721    -0.01390108  -0.18129039    -0.01561558   0.06072414
  0.07929485  -0.03342721    -0.01561558   0.06072414    -0.01390108  -0.18129039
    2    2
  0.28120810   0.00000000    -0.00727290  -0.00520840    -0.00727290  -0.00520840
 -0.00727290   0.00520840     0.27819143   0.00000000     0.01078328   0.00000000
 -0.00727290   0.00520840     0.01078328   0.00000000     0.27819143   0.00000000

     Dynamical  Matrix in cartesian axes

     q = (    0.125000000   0.375000000  -0.375000000 ) 

    1    1
  0.28120810   0.00000000     0.00727290  -0.00520840    -0.00727290   0.00520840
  0.00727290   0.00520840     0.27819143   0.00000000    -0.01078328   0.00000000
 -0.00727290  -0.00520840    -0.01078328   0.00000000     0.27819143   0.00000000
    1    2
 -0.19073112  -0.01588844     0.03342721  -0.07929485    -0.03342721   0.07929485
  0.03342721  -0.07929485    -0.18129039  -0.01390108    -0.06072414   0.01561558
 -0.03342721   0.07929485    -0.06072414   0.01561558    -0.18129039  -0.01390108
    2    1
 -0.19073112   0.01588844     0.03342721   0.07929485    -0.03342721  -0.07929485
  0.03342721   0.07929485    -0.18129039   0.01390108    -0.06072414  -0.01561558
 -0.03342721  -0.07929485    -0.06072414  -0.01561558    -0.18129039   0.01390108
    2    2
  0.28120810   0.00000000     0.00727290   0.00520840    -0.00727290  -0.00520840
  0.00727290  -0.00520840     0.27819143   0.00000000    -0.01078328   0.00000000
 -0.00727290   0.00520840    -0.01078328   0.00000000     0.27819143   0.00000000

     Dynamical  Matrix in cartesian axes

     q = (   -0.125000000  -0.375000000  -0.375000000 ) 

    1    1
  0.28120810   0.00000000     0.00727290  -0.00520840     0.00727290  -0.00520840
  0.00727290   0.00520840     0.27819143   0.00000000     0.01078328   0.00000000
  0.00727290   0.00520840     0.01078328   0.00000000     0.27819143   0.00000000
    1    2
 -0.12363244  -0.14610209     0.07970653  -0.03243332     0.07970653  -0.03243332
  0.07970653  -0.03243332    -0.11836212  -0.13802121     0.05398033   0.03189657
  0.07970653  -0.03243332     0.05398033   0.03189657    -0.11836212  -0.13802121
    2    1
 -0.12363244   0.14610209     0.07970653   0.03243332     0.07970653   0.03243332
  0.07970653   0.03243332    -0.11836212   0.13802121     0.05398033  -0.03189657
  0.07970653   0.03243332     0.05398033  -0.03189657    -0.11836212   0.13802121
    2    2
  0.28120810   0.00000000     0.00727290   0.00520840     0.00727290   0.00520840
  0.00727290  -0.00520840     0.27819143   0.00000000     0.01078328   0.00000000
  0.00727290  -0.00520840     0.01078328   0.00000000     0.27819143   0.00000000

     Dynamical  Matrix in cartesian axes

     q = (    0.375000000   0.375000000  -0.125000000 ) 

    1    1
  0.27819143   0.00000000     0.01078328   0.00000000    -0.00727290  -0.00520840
  0.01078328   0.00000000     0.27819143   0.00000000    -0.00727290  -0.00520840
 -0.00727290   0.00520840    -0.00727290   0.00520840     0.28120810   0.00000000
    1    2
 -0.18129039  -0.01390108     0.06072414  -0.01561558    -0.03342721   0.07929485
  0.06072414  -0.01561558    -0.18129039  -0.01390108    -0.03342721   0.07929485
 -0.03342721   0.07929485    -0.03342721   0.07929485    -0.19073112  -0.01588844
    2    1
 -0.18129039   0.01390108     0.06072414   0.01561558    -0.03342721  -0.07929485
  0.06072414   0.01561558    -0.18129039   0.01390108    -0.03342721  -0.07929485
 -0.03342721  -0.07929485    -0.03342721  -0.07929485    -0.19073112   0.01588844
    2    2
  0.27819143   0.00000000     0.01078328   0.00000000    -0.00727290   0.00520840
  0.01078328   0.00000000     0.27819143   0.00000000    -0.00727290   0.00520840
 -0.00727290  -0.00520840    -0.00727290  -0.00520840     0.28120810   0.00000000

     Dynamical  Matrix in cartesian axes

     q = (   -0.375000000  -0.375000000  -0.125000000 ) 

    1    1
  0.27819143   0.00000000     0.01078328   0.00000000     0.00727290   0.00520840
  0.01078328   0.00000000     0.27819143   0.00000000     0.00727290   0.00520840
  0.00727290  -0.00520840     0.00727290  -0.00520840     0.28120810   0.00000000
    1    2
 -0.18129039  -0.01390108     0.06072414  -0.01561558     0.03342721  -0.07929485
  0.06072414  -0.01561558    -0.18129039  -0.01390108     0.03342721  -0.07929485
  0.03342721  -0.07929485     0.03342721  -0.07929485    -0.19073112  -0.01588844
    2    1
 -0.18129039   0.01390108     0.06072414   0.01561558     0.03342721   0.07929485
  0.06072414   0.01561558    -0.18129039   0.01390108     0.03342721   0.07929485
  0.03342721   0.07929485     0.03342721   0.07929485    -0.19073112   0.01588844
    2    2
  0.27819143   0.00000000     0.01078328   0.00000000     0.00727290  -0.00520840
  0.01078328   0.00000000     0.27819143   0.00000000     0.00727290  -0.00520840
  0.00727290   0.00520840     0.00727290   0.00520840     0.28120810   0.00000000

     Dynamical  Matrix in cartesian axes

     q = (    0.125000000  -0.375000000   0.375000000 ) 

    1    1
  0.28120810   0.00000000    -0.00727290   0.00520840     0.00727290  -0.00520840
 -0.00727290  -0.00520840     0.27819143   0.00000000    -0.01078328   0.00000000
  0.00727290   0.00520840    -0.01078328   0.00000000     0.27819143   0.00000000
    1    2
 -0.19073112  -0.01588844    -0.03342721   0.07929485     0.03342721  -0.07929485
 -0.03342721   0.07929485    -0.18129039  -0.01390108    -0.06072414   0.01561558
  0.03342721  -0.07929485    -0.06072414   0.01561558    -0.18129039  -0.01390108
    2    1
 -0.19073112   0.01588844    -0.03342721  -0.07929485     0.03342721   0.07929485
 -0.03342721  -0.07929485    -0.18129039   0.01390108    -0.06072414  -0.01561558
  0.03342721   0.07929485    -0.06072414  -0.01561558    -0.18129039   0.01390108
    2    2
  0.28120810   0.00000000    -0.00727290  -0.00520840     0.00727290   0.00520840
 -0.00727290   0.00520840     0.27819143   0.00000000    -0.01078328   0.00000000
  0.00727290  -0.00520840    -0.01078328   0.00000000     0.27819143   0.00000000

     Dynamical  Matrix in cartesian axes

     q = (    0.375000000  -0.375000000   0.125000000 ) 

    1    1
  0.27819143   0.00000000    -0.01078328   0.00000000     0.00727290   0.00520840
 -0.01078328   0.00000000     0.27819143   0.00000000    -0.00727290  -0.00520840
  0.00727290  -0.00520840    -0.00727290   0.00520840     0.28120810   0.00000000
    1    2
 -0.11836212  -0.13802121    -0.05398033  -0.03189657     0.07970653  -0.03243332
 -0.05398033  -0.03189657    -0.11836212  -0.13802121    -0.07970653   0.03243332
  0.07970653  -0.03243332    -0.07970653   0.03243332    -0.12363244  -0.14610209
    2    1
 -0.11836212   0.13802121    -0.05398033   0.03189657     0.07970653   0.03243332
 -0.05398033   0.03189657    -0.11836212   0.13802121    -0.07970653  -0.03243332
  0.07970653   0.03243332    -0.07970653  -0.03243332    -0.12363244   0.14610209
    2    2
  0.27819143   0.00000000    -0.01078328   0.00000000     0.00727290  -0.00520840
 -0.01078328   0.00000000     0.27819143   0.00000000    -0.00727290   0.00520840
  0.00727290   0.00520840    -0.00727290  -0.00520840     0.28120810   0.00000000

     Dynamical  Matrix in cartesian axes

     q = (    0.125000000   0.375000000   0.375000000 ) 

    1    1
  0.28120810   0.00000000     0.00727290   0.00520840     0.00727290   0.00520840
  0.00727290  -0.00520840     0.27819143   0.00000000     0.01078328   0.00000000
  0.00727290  -0.00520840     0.01078328   0.00000000     0.27819143   0.00000000
    1    2
 -0.12363244   0.14610209     0.07970653   0.03243332     0.07970653   0.03243332
  0.07970653   0.03243332    -0.11836212   0.13802121     0.05398033  -0.03189657
  0.07970653   0.03243332     0.05398033  -0.03189657    -0.11836212   0.13802121
    2    1
 -0.12363244  -0.14610209     0.07970653  -0.03243332     0.07970653  -0.03243332
  0.07970653  -0.03243332    -0.11836212  -0.13802121     0.05398033   0.03189657
  0.07970653  -0.03243332     0.05398033   0.03189657    -0.11836212  -0.13802121
    2    2
  0.28120810   0.00000000     0.00727290  -0.00520840     0.00727290  -0.00520840
  0.00727290   0.00520840     0.27819143   0.00000000     0.01078328   0.00000000
  0.00727290   0.00520840     0.01078328   0.00000000     0.27819143   0.00000000

     Dynamical  Matrix in cartesian axes

     q = (   -0.375000000  -0.375000000   0.125000000 ) 

    1    1
  0.27819143   0.00000000     0.01078328   0.00000000    -0.00727290   0.00520840
  0.01078328   0.00000000     0.27819143   0.00000000    -0.00727290   0.00520840
 -0.00727290  -0.00520840    -0.00727290  -0.00520840     0.28120810   0.00000000
    1    2
 -0.18129039   0.01390108     0.06072414   0.01561558    -0.03342721  -0.07929485
  0.06072414   0.01561558    -0.18129039   0.01390108    -0.03342721  -0.07929485
 -0.03342721  -0.07929485    -0.03342721  -0.07929485    -0.19073112   0.01588844
    2    1
 -0.18129039  -0.01390108     0.06072414  -0.01561558    -0.03342721   0.07929485
  0.06072414  -0.01561558    -0.18129039  -0.01390108    -0.03342721   0.07929485
 -0.03342721   0.07929485    -0.03342721   0.07929485    -0.19073112  -0.01588844
    2    2
  0.27819143   0.00000000     0.01078328   0.00000000    -0.00727290  -0.00520840
  0.01078328   0.00000000     0.27819143   0.00000000    -0.00727290  -0.00520840
 -0.00727290   0.00520840    -0.00727290   0.00520840     0.28120810   0.00000000

     Dynamical  Matrix in cartesian axes

     q = (   -0.125000000  -0.375000000   0.375000000 ) 

    1    1
  0.28120810   0.00000000     0.00727290   0.00520840    -0.00727290  -0.00520840
  0.00727290  -0.00520840     0.27819143   0.00000000    -0.01078328   0.00000000
 -0.00727290   0.00520840    -0.01078328   0.00000000     0.27819143   0.00000000
    1    2
 -0.19073112   0.01588844     0.03342721   0.07929485    -0.03342721  -0.07929485
  0.03342721   0.07929485    -0.18129039   0.01390108    -0.06072414  -0.01561558
 -0.03342721  -0.07929485    -0.06072414  -0.01561558    -0.18129039   0.01390108
    2    1
 -0.19073112  -0.01588844     0.03342721  -0.07929485    -0.03342721   0.07929485
  0.03342721  -0.07929485    -0.18129039  -0.01390108    -0.06072414   0.01561558
 -0.03342721   0.07929485    -0.06072414   0.01561558    -0.18129039  -0.01390108
    2    2
  0.28120810   0.00000000     0.00727290  -0.00520840    -0.00727290   0.00520840
  0.00727290   0.00520840     0.27819143   0.00000000    -0.01078328   0.00000000
 -0.00727290  -0.00520840    -0.01078328   0.00000000     0.27819143   0.00000000

     Dynamical  Matrix in cartesian axes

     q = (    0.375000000   0.375000000   0.125000000 ) 

    1    1
  0.27819143   0.00000000     0.01078328   0.00000000     0.00727290  -0.00520840
  0.01078328   0.00000000     0.27819143   0.00000000     0.00727290  -0.00520840
  0.00727290   0.00520840     0.00727290   0.00520840     0.28120810   0.00000000
    1    2
 -0.18129039   0.01390108     0.06072414   0.01561558     0.03342721   0.07929485
  0.06072414   0.01561558    -0.18129039   0.01390108     0.03342721   0.07929485
  0.03342721   0.07929485     0.03342721   0.07929485    -0.19073112   0.01588844
    2    1
 -0.18129039  -0.01390108     0.06072414  -0.01561558     0.03342721  -0.07929485
  0.06072414  -0.01561558    -0.18129039  -0.01390108     0.03342721  -0.07929485
  0.03342721  -0.07929485     0.03342721  -0.07929485    -0.19073112  -0.01588844
    2    2
  0.27819143   0.00000000     0.01078328   0.00000000     0.00727290   0.00520840
  0.01078328   0.00000000     0.27819143   0.00000000     0.00727290   0.00520840
  0.00727290  -0.00520840     0.00727290  -0.00520840     0.28120810   0.00000000

     Dynamical  Matrix in cartesian axes

     q = (    0.125000000  -0.375000000  -0.375000000 ) 

    1    1
  0.28120810   0.00000000    -0.00727290  -0.00520840    -0.00727290  -0.00520840
 -0.00727290   0.00520840     0.27819143   0.00000000     0.01078328   0.00000000
 -0.00727290   0.00520840     0.01078328   0.00000000     0.27819143   0.00000000
    1    2
 -0.01588844  -0.19073112     0.07929485  -0.03342721     0.07929485  -0.03342721
  0.07929485  -0.03342721    -0.01390108  -0.18129039    -0.01561558   0.06072414
  0.07929485  -0.03342721    -0.01561558   0.06072414    -0.01390108  -0.18129039
    2    1
 -0.01588844   0.19073112     0.07929485   0.03342721     0.07929485   0.03342721
  0.07929485   0.03342721    -0.01390108   0.18129039    -0.01561558  -0.06072414
  0.07929485   0.03342721    -0.01561558  -0.06072414    -0.01390108   0.18129039
    2    2
  0.28120810   0.00000000    -0.00727290   0.00520840    -0.00727290   0.00520840
 -0.00727290  -0.00520840     0.27819143   0.00000000     0.01078328   0.00000000
 -0.00727290  -0.00520840     0.01078328   0.00000000     0.27819143   0.00000000

     Dynamical  Matrix in cartesian axes

     q = (    0.375000000  -0.375000000  -0.125000000 ) 

    1    1
  0.27819143   0.00000000    -0.01078328   0.00000000    -0.00727290   0.00520840
 -0.01078328   0.00000000     0.27819143   0.00000000     0.00727290  -0.00520840
 -0.00727290  -0.00520840     0.00727290   0.00520840     0.28120810   0.00000000
    1    2
 -0.01390108  -0.18129039     0.01561558  -0.06072414     0.07929485  -0.03342721
  0.01561558  -0.06072414    -0.01390108  -0.18129039    -0.07929485   0.03342721
  0.07929485  -0.03342721    -0.07929485   0.03342721    -0.01588844  -0.19073112
    2    1
 -0.01390108   0.18129039     0.01561558   0.06072414     0.07929485   0.03342721
  0.01561558   0.06072414    -0.01390108   0.18129039    -0.07929485  -0.03342721
  0.07929485   0.03342721    -0.07929485  -0.03342721    -0.01588844   0.19073112
    2    2
  0.27819143   0.00000000    -0.01078328   0.00000000    -0.00727290  -0.00520840
 -0.01078328   0.00000000     0.27819143   0.00000000     0.00727290   0.00520840
 -0.00727290   0.00520840     0.00727290  -0.00520840     0.28120810   0.00000000

     Diagonalizing the dynamical matrix

     q = (    0.375000000  -0.125000000   0.375000000 ) 

 **************************************************************************
     freq (    1) =       3.276267 [THz] =     109.284498 [cm-1]
 (  0.499987 -0.003542 -0.000000  0.000000 -0.499987  0.003542 ) 
 (  0.500000  0.000000 -0.000000  0.000000 -0.500000  0.000000 ) 
     freq (    2) =       4.116169 [THz] =     137.300610 [cm-1]
 ( -0.130352  0.188506 -0.535065  0.329626 -0.130352  0.188506 ) 
 ( -0.229186  0.000000 -0.575443  0.252613 -0.229186  0.000000 ) 
     freq (    3) =       7.524742 [THz] =     250.998390 [cm-1]
 ( -0.357685 -0.252690  0.157776  0.302532 -0.357685 -0.252690 ) 
 ( -0.437939 -0.000000  0.303423 -0.156055 -0.437939  0.000000 ) 
     freq (    4) =      13.744473 [THz] =     458.466257 [cm-1]
 ( -0.421605 -0.210144  0.037164  0.234084 -0.421605 -0.210144 ) 
 (  0.471075  0.000000 -0.137685  0.192923  0.471075  0.000000 ) 
     freq (    5) =      14.676099 [THz] =     489.541966 [cm-1]
 ( -0.499987  0.003542 -0.000000 -0.000000  0.499987 -0.003542 ) 
 (  0.500000  0.000000  0.000000  0.000000 -0.500000  0.000000 ) 
     freq (    6) =      14.821424 [THz] =     494.389477 [cm-1]
 ( -0.065782 -0.171593  0.386571 -0.531996 -0.065782 -0.171593 ) 
 ( -0.183770 -0.000000 -0.358369  0.551388 -0.183770  0.000000 ) 
 **************************************************************************
